image_id,ok,n_bands,mt_inner,mt_inner_vert,mt_center,mt_center_vert,mt_outer,mt_outer_vert,sup_thick,deep_thick,deep_angle,sup_angle,n_fasc,pa_med,pa_wmean,pa_wmed,pa_top5,fl_med,fl_wmed,fl_top5,n_fasc_kept,fasc_sign,pa_orient,v2_n,v2_pa_lowhalf,v2_pa_low3,v2_pa_uphalf,v2_pa_insert,v2_pa_fit1,v2_pa_fit0,v2_pa_fitmid,v2_pa_slope,v2_pa_fit09,v2_fl_curve,v2_fl_chord_mid,v2_fl_chord_deep,v2_fasc_span,v2_fl_stream,v2b_pa_fit1,v2b_pa_fitmid,v2b_fl_stream,v2b_fl_chord_mid,v2_mt_raw_1090,v2_mt_raw_1684,v2_mt_raw_2575,v2_mt_raw_mid,px_per_mm,family
IMG_00001.tif,1,2.0,25.079618187487497,25.092274631892973,26.302380747870554,26.31377118450968,27.557710114765477,27.569440767197428,1.4064626391582702,1.0707034961461852,4.256411184268277,1.6859004900695276,30.0,17.099988095348692,17.331813407596524,17.39460361010424,17.892675540137816,90.52780530334984,90.1122427548245,91.85948417846504,30.0,-1.0,16.5,30.0,17.889333787608365,16.777268664680975,16.92037337844411,,17.826060662267835,17.007442880876884,17.416751771572358,0.8186177813909512,17.74419888412874,83.73101390299898,83.71580648913616,81.85389160737611,0.7155644354609891,96.65024630541868,17.82606066223115,16.2326923539788,96.65024630541868,89.63971697359226,25.32019704433497,25.172413793103445,25.09852216748768,25.1231527093596,13.533333333333337,juniper_right_9
IMG_00002.tif,1,2.0,18.021253849554995,18.022157647391744,19.07690717345089,19.0775273193532,20.18177158827997,20.18179610173381,1.3292939778238757,0.8303444765181902,-2.7001389622632064,0.4619816267958701,17.0,9.94199110359648,9.48745811330681,9.94199110359648,9.725006941174628,86.59972553574597,86.82620974918568,86.82620974918568,17.0,-1.0,8.5,17.0,10.256955651916144,10.256955651916144,8.182826386356396,11.197826021791116,11.179300602299868,7.234940229680768,9.207120415990316,3.9443603726191,10.784864565037958,114.38798123416431,112.62169464913444,92.94363080116298,0.774222149834632,80.0,11.179300602323668,10.686614994083984,80.0,97.1753228327894,17.97482211275315,17.99671592775041,17.97482211275315,17.99671592775041,15.225,juniper_right_8
IMG_00003.tif,1,2.0,23.24609857551779,23.253047463944185,24.411575752818344,24.415475110740225,25.609055468553542,25.610321091169528,1.4236705679472432,0.9336030592781028,-0.3445540115001834,-1.0240174820485084,18.0,13.08996817389037,13.230471786176912,13.109360383230296,13.786267069821008,98.93824536781516,98.44027033934076,94.45914740105324,18.0,1.0,12.5,18.0,13.041274478924038,12.746838175929469,13.756965584194605,12.746838175929469,12.284557289956629,14.521666447047036,13.403111868501831,-2.2371091570904094,12.508268205665669,100.53561121346918,100.30356474592745,109.2765134417861,0.7869382612536644,105.22167487684726,12.284557289968117,13.945869548261264,105.22167487684726,96.47281558644482,23.201970443349747,23.25123152709359,23.32512315270936,23.349753694581278,13.533333333333337,juniper_right_9
IMG_00004.tif,1,2.0,26.600612851567018,26.60709330963607,27.827988200937,27.839476773965316,29.148123672753048,29.167680473220454,1.3800500041241817,1.1805371594602043,2.998945838908285,-1.6460956859401052,16.0,12.028374478029704,12.42339646908176,11.427402140198351,11.38956889206267,110.8706991292616,125.26612256029053,125.26612256029053,16.0,1.0,11.5,16.0,14.963296251458956,15.360304884667386,11.444808726021648,15.360304884667386,16.082152766641883,9.82544469259924,12.953798729620562,6.256708074042643,15.45648195923762,121.05554391856111,118.6807622054998,96.0383799670642,0.8250933603523901,83.79310344827584,16.082152766688928,15.076864576691069,83.79310344827584,102.27839073255164,26.72413793103448,26.699507389162555,26.527093596059107,26.45320197044334,13.533333333333337,juniper_right_9
IMG_00005.tif,1,2.0,28.364830650349592,28.39104452751907,29.51933618557155,29.540314801623925,30.78768818105937,30.810282063068072,1.7187371097621555,0.7005004257868531,5.014747850244434,2.1594551731315685,16.0,20.311596745870887,20.64974118019484,20.590024544492508,22.44191467596332,90.65878482020491,89.83333790807706,80.17927330821814,16.0,-1.0,19.5,16.0,19.23491638910906,18.85311790308492,22.598041155979445,19.23491638910906,16.75428731904828,25.864445163005087,21.309366241026684,-9.110157843956804,17.66530310344396,79.15705635651034,77.96097545361964,98.28111887702188,0.5417315618035948,101.871921182266,16.754287319015027,20.053818440726065,101.871921182266,82.62197277112128,28.407224958949094,28.407224958949094,28.44006568144499,28.57142857142857,10.15,juniper_right_12
IMG_00006.tif,1,2.0,34.071133197240336,34.113493852432704,35.36971786348385,35.40809116179279,36.68374792478124,36.717723396762615,1.6414031422159945,0.9628264021139163,3.4976575157235046,2.6677195261433218,23.0,19.32989412913696,20.29848666303558,21.21295417260561,21.21295417260561,104.47161623029773,95.78634003115933,95.78634003115933,23.0,-1.0,20.5,23.0,21.240570273564003,17.552589947164932,21.748239693094064,21.240570273564003,18.166711610334293,22.048544662211544,20.10762813627292,-3.8818330518772513,18.554894915522016,99.37922126448272,99.0754329399189,109.2446555858048,0.7771212268368501,121.9704433497537,18.16671161032438,19.77280264230748,121.9704433497537,100.68430293507404,34.12151067323481,34.08866995073892,34.1871921182266,34.285714285714285,10.15,juniper_right_12
IMG_00007.tif,1,2.0,28.39351316052575,28.3943104046019,29.64936270318418,29.650670655743657,30.90570614002701,30.90710662498859,1.3428712917371106,1.1699249286495723,-0.5125690477086682,-0.5381681135918891,16.0,19.195807378863705,19.89158351061743,19.94810791630053,19.94810791630053,86.04743823348713,83.06740575392305,83.06740575392305,16.0,1.0,18.5,16.0,20.626343644901823,21.61176115350085,18.902877164439783,20.626343644901823,23.110898201014525,15.82700375487721,19.468950977945862,7.283894446137315,22.382508756400792,86.18542589782591,85.18768910925999,72.33590275716921,0.6457893068401913,81.871921182266,23.110898201007306,19.29089193331447,81.871921182266,85.94363841890298,28.596059113300484,28.399014778325117,28.30049261083743,28.22660098522167,13.533333333333337,juniper_right_9
IMG_00008.tif,1,2.0,29.397518975764893,29.40665234342851,30.3920621781094,30.40285677319848,31.43959047454421,31.449386166481897,1.119380230918792,0.9233535921345944,1.7229377122571754,-1.5268503122579618,19.0,20.0433566717484,19.675230452288247,20.165231267963375,20.5025665288249,81.83627381584814,77.14999283052732,77.14999283052732,19.0,1.0,19.5,19.0,20.14161687193149,20.36825538571705,21.015156775215274,20.36825538571705,20.92402839149841,19.00751583263876,19.965772112068585,1.9165125588596588,20.73237713561245,86.18552213240237,86.12049637084985,82.34148651685781,0.7964607473836866,75.51724137931032,20.924028391524747,21.507503552759964,75.51724137931032,80.20933936854219,29.53201970443349,29.433497536945804,29.3103448275862,29.26108374384236,13.533333333333337,juniper_right_9
IMG_00009.tif,1,2.0,18.13526137903633,18.14126748318388,19.12527762309423,19.13446388652513,20.135521447392044,20.149210924131456,1.3949757031869725,0.6129677377606022,2.444368921448556,-1.7754821285788325,23.0,8.732180825850719,7.970007269481286,7.152912486109528,7.135697623708268,99.42203691829928,103.4456850295689,117.83919400142024,23.0,1.0,7.5,23.0,9.502182789090796,9.502182789090796,7.371669961019791,9.502182789090796,10.71438458213408,5.992489977715552,8.353437279924815,4.721894604418528,10.242195121692228,128.3558888493389,124.86933493499671,97.57717744351282,0.8348063018731227,89.31899641577063,10.71438458215415,10.194830321212192,89.31899641577063,102.49328634034362,18.210872162485067,18.106332138590208,18.106332138590208,18.189964157706097,15.94285714285714,juniper_right_7
IMG_00010.tif,1,2.0,19.426995033453515,19.451408656915607,20.40539455179078,20.429280820705515,21.424331834067026,21.4475920977444,1.1634076198927852,0.832775820936006,-2.7223507160633864,-2.770942885547228,26.0,14.58957905803014,14.359560503344373,14.732094797545985,14.732094797545985,76.51231891621893,75.73240073146764,75.73240073146764,26.0,1.0,12.5,26.0,15.223025463075032,14.989857377389654,13.059441990586492,15.380412295242166,16.38490312380742,11.715172605802726,14.050037864805072,4.669730518004692,15.91793007200695,80.76750832575392,80.02475157673935,68.87034279436882,0.7308737128611347,74.2200328407225,16.38490312380846,14.08250006936538,74.2200328407225,79.84399976370068,19.507389162561577,19.46360153256705,19.419813902572525,19.441707717569788,15.225,juniper_right_8
IMG_00011.tif,1,2.0,17.999561595327418,18.001952721136817,18.840873663116174,18.8444042902226,19.75035769975833,19.756043899030477,0.9818121647918348,0.7722790131018181,0.415367128086733,-1.1091215157083818,28.0,13.8903756865641,14.163820869770516,14.584900882252184,12.720477126318684,72.78291205317949,68.06504756223437,77.5705477576828,28.0,1.0,12.5,28.0,14.994818272800616,15.03199401942672,13.393500763551913,15.731009527837642,15.664594152417948,12.250172562786537,13.95738335760224,3.414421589631413,15.323151993454807,75.00665268713912,74.63422113119374,66.67191307986805,0.8767390240488537,67.65188834154351,15.664594152425288,14.642632231241526,67.65188834154351,71.2125900633482,18.12807881773399,18.018609742747675,17.90914066776136,17.66830870279146,15.225,juniper_right_8
IMG_00012.tif,1,2.0,20.051972544306377,20.057190908842426,20.92370308595761,20.93281629170399,21.879634518584588,21.894402508821635,1.2441610720575236,0.5930505279216861,-2.7876907569437277,-1.690733446882909,31.0,13.546458224766582,13.50273948445792,13.350772826909264,13.350772826909264,92.70551553540278,94.73373091310758,96.32481716354005,31.0,1.0,12.5,31.0,13.343112908350236,13.457911125491536,13.55906605282246,13.78225470105332,13.391098788587152,13.036235108787729,13.21366694868744,0.3548636797994263,13.35561242060721,87.69515991590573,87.68992811868921,86.5488526750671,0.8829312141881958,98.7848932676519,13.391098788576084,12.477156964707886,98.7848932676519,92.77667963929126,20.010946907498635,20.05473453749316,20.142309797482213,20.16420361247948,15.225,juniper_right_8
IMG_00013.tif,1,2.0,22.260818812444185,22.33123041933916,23.63700110022157,23.6955839529801,24.947194485540106,25.010801044174865,1.599070846109421,1.0804997787262838,5.0579750784478295,4.029755502293286,26.0,9.222860354109898,9.220296452047304,8.983812411500821,8.983812411500821,139.48880272190888,142.47617272811598,142.47617272811598,26.0,-1.0,9.5,26.0,10.174209218181318,10.218655321822098,9.178608897422691,10.822970789172984,10.3527202571561,8.45312515860371,9.402922707879904,1.8995950985523904,10.162760747300862,136.65048267777473,136.18593000383993,123.80984374071204,0.8495280071568471,133.33333333333334,10.35272025714847,9.052093382853707,133.33333333333334,141.4174743922502,22.337164750957857,22.298850574712645,22.45210727969349,22.75862068965517,8.7,juniper_right_14
IMG_00014.tif,1,2.0,24.86963657595888,25.11621957388133,26.418957191211703,26.65567388651432,28.14128599889708,28.398843597834897,1.8892144969153568,1.39340952703821,-2.8163696471022948,-7.641509607994672,20.0,11.831121353090964,11.872231665309654,12.294614687025074,12.294614687025074,109.54989189406275,111.70336768947624,113.39076026012332,20.0,1.0,10.5,20.0,13.683203213554693,13.683203213554693,11.279598604973812,13.683203213554693,14.005431408979138,10.822392358535176,12.413911883757155,3.183039050443963,13.687127503934745,116.95804654385188,116.31852538348606,103.32167999426756,0.786401566388516,82.183908045977,14.005431409027432,15.061931197044816,82.183908045977,96.2248699122302,25.106732348111656,24.98631636562671,25.16694033935413,25.377668308702788,11.072727272727274,juniper_right_11
IMG_00015.tif,1,2.0,23.05630084313091,23.243466119223044,24.275883587189924,24.471845780489165,25.48222683272561,25.680997402924294,1.2813243996767298,1.156206884024525,4.332672276154474,7.255722186961691,18.0,11.49303373172016,10.870744830928569,10.98663253529105,10.98663253529105,110.92391180412318,111.70346226599736,119.32773451183324,18.0,-1.0,9.5,18.0,13.407521880925572,13.55460159652148,8.952312939531907,13.55460159652148,14.843469398983943,8.303871050320275,11.57367022465211,6.539598348663669,14.18950956411758,118.46819881846196,115.26280148972852,90.2685155389906,0.736596140938916,82.95566502463053,14.843469399012989,13.060392539372348,82.95566502463053,102.33261525497235,23.448275862068964,23.2183908045977,23.251231527093594,23.34975369458128,10.15,juniper_right_12
IMG_00016.tif,1,2.0,26.231305256337883,26.25325904695492,27.511720301787143,27.53918636401672,28.84555751703408,28.880132026360013,1.4604208285892908,1.1664521508158057,2.3628400258086573,2.559153755164985,29.0,17.260972601445076,17.2515746525262,17.260972601445076,16.13246124037505,88.16460427804248,88.16460427804248,93.92999747811268,29.0,-1.0,16.5,29.0,17.444507562962343,17.444507562962343,17.68716844495347,17.444507562962343,17.22513001626814,16.920325408406534,17.072727712337336,0.3048046078616054,17.194649555481977,89.34386624110499,89.34152399353736,88.57470353246383,0.8224885799520587,89.58949096880131,17.225130016266718,16.97119872643108,89.58949096880131,89.86013945570595,26.2287903667214,26.18500273672688,26.18500273672688,26.07553366174056,15.225,juniper_right_8
IMG_00017.tif,1,2.0,22.377250920597064,22.38081954845374,23.575434660059727,23.59605864674756,24.78452072645892,24.83253418351412,1.568440919711282,0.8832737153490957,1.319615904012737,2.395718819053073,20.0,16.340815061987186,16.565674687452013,16.702616451908284,16.702616451908284,79.75208675302756,78.65685824211938,78.65685824211938,20.0,-1.0,15.5,20.0,16.965830873939183,16.965830873939183,15.409102250845136,16.965830873939183,18.179582096794363,13.864388461338024,16.021985279066193,4.315193635456338,17.748062733248727,81.55738280492481,81.0675652271795,71.71605793280233,0.6787511846249485,79.60591133004927,18.17958209678697,15.75543803940608,79.60591133004927,82.40342304521839,22.52873563218391,22.441160372194854,22.375478927203066,22.39737274220033,15.225,juniper_right_8
IMG_00018.tif,1,2.0,25.22538696789337,25.22767931814957,26.631497281795884,26.633419852183387,28.05420505689323,28.05579076766533,1.3755120281112818,1.4525994214044815,1.3479355538275892,0.6884428589729075,22.0,15.14027423563033,15.377704633815268,15.373960855317051,13.853783350173243,97.63919266430425,96.05862555670168,106.53310212097182,22.0,-1.0,13.5,22.0,16.807027166300742,16.807027166300742,14.223762348995647,14.696602816210913,17.491335874521013,13.72291968824809,15.607127781384552,3.768416186272921,17.11449425589372,94.2017848610918,93.74723486859028,83.915324295683,0.8174118287488171,95.20525451559934,17.491335874509907,15.134370941431234,95.20525451559934,96.6039951215605,25.224411603721947,25.188834154351397,25.224411603721947,25.402298850574716,9.36923076923077,juniper_right_13
IMG_00019.tif,1,2.0,26.25515187601757,26.356999527528725,27.79928877340368,27.89471321098863,29.40135050439754,29.488755433202027,1.9292756887358025,1.202480216937498,7.245275845937156,4.740567860527628,19.0,15.145176134298822,15.571772545835511,15.496778721275888,14.711632533921744,105.1627070359076,104.14224376781316,104.14224376781316,19.0,-1.0,14.5,19.0,15.24708785483162,15.797891691579338,15.598690441808683,12.908781050847892,15.618806129306211,15.580813097593364,15.59980961344979,0.0379930317128497,15.615006826134929,97.4398812086428,97.4398335621032,97.3242663318056,0.8033243174648996,123.16912972085385,15.618806129270595,14.445488106999504,123.16912972085385,105.04016067740584,26.173095658614688,26.5407772304324,26.611932129173507,26.36288998357964,9.36923076923077,juniper_right_13
IMG_00020.tif,1,2.0,18.65837184227963,18.65838111250919,19.83542951682963,19.835491815595557,20.97982969017545,20.97996468537759,1.3802302240593816,0.9413533488090176,-0.1282064387686754,0.143600508977214,22.0,10.892444833178558,10.98006749439595,10.739382062048264,10.731225578316328,97.92023859501796,98.71883499467636,98.71883499467636,22.0,-1.0,10.5,22.0,11.151412823045348,11.011320378907383,10.112969520826198,11.151412823045348,11.273136564705656,11.227108674920029,11.250122619812842,0.0460278897856276,11.268533775727091,95.63878278733904,95.6386500578646,95.44592338901433,0.7691045072852497,105.22167487684727,11.273136564703831,11.149699461441966,105.22167487684727,96.48900038782062,18.7192118226601,18.65353037766831,18.60974274767378,18.65353037766831,15.225,juniper_right_8
IMG_00021.tif,1,2.0,17.710067138309924,17.710499987112254,18.925258027645324,18.92690367941347,20.20952959699069,20.213487128954824,1.3867785681728475,1.1162085736697178,5.3061410931491215,-0.7555617458056478,20.0,7.913678090135946,9.22052877369583,8.600729525716872,8.600729525716872,88.56374117612516,76.90459035432812,76.90459035432812,20.0,1.0,8.5,20.0,8.688023679704031,9.686624265837224,7.861775411798305,8.688023679704031,10.722536210615626,5.475763648759608,8.099149929687616,5.246772561856019,10.197858954430025,130.27920511969765,125.5964103518843,95.1064226802372,0.7996709210703825,72.51231527093596,10.722536210660078,10.90904232605676,72.51231527093596,93.49963339919957,17.90914066776136,17.755883962780512,17.690202517788723,17.66830870279146,15.225,juniper_right_8
IMG_00022.tif,1,2.0,23.331628055670173,23.36065183690323,24.38687487671392,24.416530569575823,25.508198408657197,25.535168069070554,1.1424882227034374,1.032028009463883,3.128882176784325,2.824188353503375,19.0,18.135916192610097,18.672455821306297,18.135916192610097,18.135916192610097,75.82283452151847,75.82283452151847,75.82283452151847,19.0,-1.0,17.5,19.0,18.461561926503776,18.175570647722708,18.057416391047155,18.175570647722708,18.27066046016325,19.305335868356536,18.787998164259893,-1.0346754081932872,18.374128000982576,72.45121901048452,72.43319558851859,74.41118341526172,0.7697882491696882,76.35467980295567,18.270660460153525,18.63192359470317,76.35467980295567,73.0181394985943,23.700054734537492,23.50848385331144,23.207443897099072,22.742200328407225,12.18,juniper_right_10
IMG_00023.tif,1,2.0,22.569046649773124,22.63219549269247,23.707643388113496,23.77019880576382,24.87275643891425,24.93604093510272,1.2127507766670542,1.0910946657431912,-3.012869869502989,-4.157660051933712,21.0,15.335776131463518,15.110163323527962,15.34086017625043,15.34086017625043,85.17963449874894,81.47033280711116,81.47033280711116,21.0,1.0,13.5,21.0,15.77212930833906,15.799223267821446,15.168114485718888,15.77212930833906,16.23494150819878,14.225243436304533,15.230092472251656,2.00969807189425,16.033971701009357,86.11107966793816,85.98725862546762,80.7953903157571,0.8041162589061785,78.16091954022988,16.234941508213936,15.950593428262072,78.16091954022988,82.19731044472461,22.93377120963328,22.7695675971538,22.523262178434592,22.2495894909688,12.18,juniper_right_10
IMG_00024.tif,1,2.0,26.84366257840007,26.852255699514075,27.876852103423737,27.8845715068609,28.977491433899957,28.984612249329786,1.28930393690866,0.8430526129070536,-2.2966996253041008,-1.3482099611792993,33.0,16.76613454642589,16.725355180820543,16.817246023994016,17.801497469904064,95.73571919985206,95.73571919985206,88.75249001986565,33.0,1.0,15.5,33.0,17.423646520532003,17.423646520532003,16.615452665954848,18.88923261495279,18.301400585280085,15.65640973140024,16.97890515834016,2.644990853879845,18.0369014998921,92.08520571137376,91.9010750658978,85.46361864341145,0.8898243954266098,97.86535303776684,18.30140058527256,16.49163272301119,97.86535303776684,94.5376832659393,26.885604816639297,26.84181718664477,26.81992337164751,26.732348111658457,15.225,juniper_right_8
IMG_00025.tif,1,2.0,24.359002190718883,24.363165423745716,25.747805483825424,25.748227941800995,27.114193920756357,27.114627477869227,1.8783720294344477,0.8730900246890639,3.892184499252196,-0.3282134001374953,16.0,10.89759571798072,10.992010949360417,10.655959639824856,10.575188141103697,98.65667805592372,101.06269361223738,105.53746251910223,16.0,1.0,10.5,16.0,10.880616829806485,13.08383253254206,9.00759620729886,10.709030446846072,12.445043584802164,9.198260411485355,10.82165199814376,3.246783173316807,12.120365267470484,130.71049314222995,129.72851867146832,113.02323139233964,0.8628588868889561,88.4072249589491,12.445043584861978,13.185033147047966,88.4072249589491,106.78309354545134,24.302134646962237,24.389709906951285,24.43349753694581,24.564860426929396,15.225,juniper_right_8
IMG_00026.tif,1,2.0,25.943872200599145,25.94423278640311,27.479954224198423,27.480747464951595,29.069633151667688,29.07084411260452,1.0084929042293185,2.1181184219720945,2.7901630731080904,-0.4353383365191137,25.0,14.81028272726428,14.69608120160243,14.747790938314182,14.557006218049224,91.8109077473048,96.63615773945024,96.63615773945024,25.0,1.0,13.5,25.0,14.30010465414216,14.30010465414216,14.490889374407118,12.98747478835105,15.30510360430632,13.70742722969032,14.50626541699832,1.597676374616003,15.145335966844724,103.64981676401456,103.54591792780076,98.26068740017858,0.6710765541659578,84.86042692939245,15.305103604329968,16.18083775527113,84.86042692939245,93.07351496138618,26.07553366174056,26.053639846743295,25.55008210180624,25.55008210180624,15.225,juniper_right_8
IMG_00027.tif,1,2.0,22.03673246088445,22.037300507374766,22.85813983138164,22.859272032455795,23.694098778910572,23.696072839853837,0.6443629227148293,1.0144094097642369,1.7430402466440873,-0.5702561873386675,24.0,14.026107906808376,14.344326453459756,14.38685671350396,14.157541049234226,85.47988599115155,84.30378183215925,84.30378183215925,24.0,1.0,14.5,24.0,16.039360785601048,16.128469686554297,14.340366636761132,16.039360785601048,16.388544897492363,13.101700889895536,14.74512289369395,3.2868440075968257,16.05986049673268,86.93748173848488,86.57970631135537,78.10122889414018,0.7961923413023844,74.8768472906404,16.388544897506453,15.71996845883244,74.8768472906404,81.33374513797565,22.06896551724138,22.02517788724685,22.04707170224412,22.13464696223317,15.225,juniper_right_8
IMG_00028.tif,1,2.0,22.23824881010164,22.23924000608084,23.1254751021325,23.126046810329225,23.98941162265004,23.98981137299913,0.7500187873008329,1.00055257961746,3.404711775103692,0.4028793745224122,30.0,12.466708729890897,12.761983298106587,12.760004098343586,12.760004098343586,87.31090414698669,84.99689757004101,84.99689757004101,30.0,1.0,11.5,30.0,12.764898291047274,13.035691376076072,14.988770394727196,13.035691376076072,12.16772264661788,15.03356994687912,13.6006462967485,-2.865847300261243,12.454307376644003,94.87426628993812,94.52496161405662,105.4580775844942,0.7044530467561825,91.6912972085386,12.16772264662827,14.894682353969207,91.6912972085386,86.4751295143491,22.1784345922277,22.156540777230436,22.26600985221675,22.5944170771757,15.225,juniper_right_8
IMG_00029.tif,1,2.0,22.95934750881223,22.97808633234117,23.904794511327417,23.924799124184464,24.89546615084435,24.91611700162658,1.088897399611474,0.8491332696739319,0.2709469533214949,-2.34319710160096,28.0,13.163563087100314,13.430145525218386,13.8795176803184,13.119581416838711,87.37165254156675,86.94160272551858,86.94160272551858,28.0,1.0,12.5,28.0,14.37927161545656,14.37927161545656,12.920958946176256,15.101283080013983,14.93690352053274,12.134387816950085,13.535645668741411,2.8025157035826576,14.656651950174474,98.50183127474229,98.15168999425696,89.12499718959458,0.7621296597574143,86.17405582922825,14.936903520547371,14.578290203091315,86.17405582922825,91.26811834500172,23.054187192118228,23.0103995621237,22.94471811713191,22.857142857142858,15.225,juniper_right_8
IMG_00030.tif,1,2.0,16.999833726349806,17.003427498381253,18.24280787763896,18.245168977228,19.51821573103825,19.519883822355787,1.6846088067091078,0.8318475172654236,-0.0961912446840363,0.921776266029778,22.0,7.727941957279157,8.299805565820266,8.009268166625702,8.089738403525331,122.28589310154028,113.51871535715472,113.51871535715472,22.0,-1.0,6.5,22.0,9.545792358782307,7.182948780657057,7.745601199350176,4.999232371280584,9.409573358868055,6.526667496849074,7.968120427858565,2.882905862018983,9.12128277266616,124.01950843487404,122.65717541090264,103.99969784519207,0.8710843819090166,87.88177339901478,9.40957335888108,8.737059047223836,87.88177339901478,111.93533546824136,17.011494252873565,16.923918992884513,17.120963327859883,17.208538587848935,15.225,juniper_right_8
IMG_00031.tif,1,2.0,16.76246706659704,16.78560507860177,17.90986394946322,17.93245055052369,19.11305760927872,19.13597179581487,1.6486469079968722,0.7017198092162336,-0.6096771130278102,-2.8759997540502065,16.0,9.852751897175736,9.978969732202703,10.282962560052937,10.674683033637336,90.5979953328897,82.68084965726955,81.36776049780524,16.0,1.0,9.5,16.0,10.587447379372009,10.587447379372009,10.195726905787607,10.587447379372009,9.61642547835678,10.18855347402413,9.902489476190455,-0.5721279956673488,9.673638277923516,97.58738560271472,97.56033300882488,100.43397242952422,0.8284543355284929,79.3431855500821,9.616425478375769,11.145629709562066,79.3431855500821,86.79431640913182,16.748768472906406,16.79255610290093,16.880131362889983,17.208538587848935,15.225,juniper_right_8
IMG_00032.tif,1,2.0,27.165950354151697,27.166931503569973,27.903892323559248,27.90408666035397,28.697048704668884,28.69705289305223,0.7802882541929237,0.7498331352893307,-0.227470386134351,0.213836330915491,30.0,14.211801117074629,12.749665859010058,14.279282044781809,14.279282044781809,107.14768623074374,107.43098472021272,107.43098472021272,30.0,-1.0,13.5,30.0,15.883116977777206,17.997581272138774,11.469273810087884,18.62999737271778,19.868981412815018,7.460988779439253,13.664985096127134,12.407992633375764,18.62818214947744,123.97552627302518,114.99430547178464,79.93268161929689,0.7889868536211164,96.1576354679803,19.868981412817675,13.94628746110672,96.1576354679803,112.71943614256888,27.038861521620145,27.10454296661193,27.192118226600986,27.25779967159277,15.225,juniper_right_8
IMG_00033.tif,1,2.0,22.636349664769185,22.63721988421373,23.76751728030101,23.767933322572503,24.947255611721666,24.947256295093624,1.3277500816976715,0.9822863291822178,-2.0711154798429243,0.3390090428990921,25.0,12.278547275015171,12.686363608112314,12.161030545703513,12.161030545703513,89.47952460496413,92.01037953312768,92.01037953312768,25.0,-1.0,11.5,25.0,13.206935014020246,13.668404277484685,11.979989056797647,13.366204309229945,13.484358128720078,11.404425262360965,12.44439169554052,2.079932866359113,13.276364842084169,105.28429111792886,105.04032124996095,97.07245837728618,0.8435852890916586,86.4367816091954,13.484358128734518,13.68405634498256,86.4367816091954,95.68228316309322,22.74767378215654,22.703886152162017,22.61631089217296,22.5944170771757,15.225,juniper_right_8
IMG_00034.tif,1,2.0,30.667099818560764,30.683547410732952,31.954438471426272,31.98208787058462,33.24443927185982,33.28745342944349,1.3530427665930629,1.2508632521174723,-1.059798324481784,-2.382639660036769,30.0,14.42032267169654,14.31414385189122,14.53061042078943,15.32845268157152,119.16304520968065,118.23407591084045,114.65081773218004,30.0,1.0,14.5,30.0,13.454501274544183,11.350958092867046,15.151797968528854,10.794552173690532,12.953826625588952,15.032356593800673,13.993091609694812,-2.07852996821172,13.161679622410125,127.0890794949938,126.857034767647,136.8391540367472,0.8345108328880199,126.4367816091954,12.953826625597864,14.489568570545153,126.4367816091954,122.59869986534352,30.89764641488779,30.67870826491516,30.67870826491516,31.19868637110017,12.18,juniper_right_10
IMG_00035.tif,1,2.0,18.17435726069828,18.174471847485943,19.36568029490674,19.365821949675464,20.615309919916065,20.61560520142852,1.3043109819304175,1.1368223720121602,-3.667905592371656,0.2191469987679825,23.0,9.487918662458554,9.43372858063278,9.398615131696031,9.126058019336623,95.72444913945723,95.72444913945723,96.94291849046382,23.0,-1.0,8.5,23.0,10.025103367404313,9.376739921754506,9.328657770408654,12.82485481482388,12.902053498053338,6.565843697117505,9.73394859758542,6.336209800935832,12.268432517959754,111.4941111701439,107.45229860018006,81.36382024306577,0.751149144316339,81.70771756978654,12.902053498096592,11.544289316095549,81.70771756978654,90.77972732505016,18.303229337712096,18.237547892720308,18.12807881773399,17.99671592775041,15.225,juniper_right_8
IMG_00036.tif,1,3.0,23.60181263826225,23.60984748726337,24.7233092603859,24.731465248929347,25.8523128206365,25.860549497585755,0.9623443567643912,1.2883576535579953,-8.53529307936737,-1.4715090789196164,15.0,21.18859658703801,20.84510389725742,21.18859658703801,21.18859658703801,86.53196560407218,85.15314239810483,84.3185340027712,15.0,1.0,19.5,15.0,20.205500103029262,19.479839595524595,20.97129169294982,20.205500103029262,20.47373599187941,20.876918518809944,20.67532725534468,-0.4031825269305362,20.51405424457246,66.62682543883766,66.6247548045614,67.25218872380098,0.7129844098994639,98.6810551558753,20.47373599180148,17.26374887045279,98.6810551558753,79.26433398340745,23.58113509192646,23.621103117506,23.621103117506,23.621103117506,16.68,gray853_a
IMG_00037.tif,1,3.0,12.543993409563347,12.576338083511686,13.39729748412101,13.43561165473905,14.213624050919188,14.255451397478684,0.7145513102868243,0.9645620036801762,-7.864608002186126,-4.328046154792659,12.0,16.80479147221493,17.59628269597757,16.574159996546598,16.574159996546598,49.31420315832378,48.35874244108595,48.35874244108595,12.0,1.0,17.5,12.0,19.475983986407584,20.05715683569832,16.615208590605135,19.475983986407584,21.21442133013987,13.342367291242727,17.2783943106913,7.872054038897141,20.42721592625016,42.85186260456462,42.10989319332656,34.56389000163069,0.4886442109982314,52.33532934131737,21.21442133001725,15.380628559441057,52.33532934131737,47.15626261845131,12.66063270984459,12.674650698602797,12.654690618762476,12.754491017964073,16.7,gray853_b
IMG_00038.tif,1,2.0,15.19165189039412,15.19514083754679,16.15299467169272,16.156228790180304,17.148385781685977,17.15146238307022,0.7851521310725271,1.1711694144509022,-10.542682606557412,-1.1464439884680857,10.0,21.10380025782763,20.787679143351124,21.272682283743336,21.272682283743336,64.53175508106497,62.45857825195579,62.45857825195579,10.0,1.0,19.5,10.0,21.279311533703776,21.977213651903355,22.184718126554827,20.94154748187236,22.412682875593514,18.484236147020653,20.448459511307085,3.928446728572863,22.019838202736228,43.39541787981114,43.26413777045663,39.6431963078522,0.4977832097106861,78.17745803357315,22.41268287541773,15.787722160519849,78.17745803357315,55.55458398886059,15.147881694644283,15.207833733013588,15.187849720223822,15.047961630695443,16.68,gray853_a
IMG_00039.tif,1,2.0,17.892158053277186,17.895456397582944,18.88991652173493,18.892288700366656,19.898393668618738,19.89998151459949,0.4434360551496638,1.561089061866887,6.6705146965977935,0.9079743554328572,16.0,17.470663873805748,17.171054940224128,17.377143868180383,18.148334779047502,77.72084733451692,77.54490734761224,77.89678732142158,16.0,-1.0,15.5,16.0,18.19098101059359,18.19098101059359,16.715375874167762,19.060019139615747,20.028299216062813,14.731584613407913,17.37994191473536,5.296714602654898,19.49862775579732,60.22585767346229,59.76307599794396,52.1239534785777,0.7066791444234444,85.97122302158273,20.02829921587548,14.469382564960505,85.97122302158273,71.44579065581904,17.82830605165777,17.74580335731415,17.845723421262992,17.98561151079137,16.68,gray853_a
IMG_00040.tif,1,2.0,18.51024674386755,18.52027194535279,19.56019566116437,19.56821063739396,20.607733555201904,20.613787492337323,1.0711033978253603,1.022412149159175,-10.98088339022878,-1.6399402193518222,10.0,21.40437872275139,22.293231697328444,22.004537820095837,22.004537820095837,63.876417339360174,63.25288160258197,63.25288160258197,10.0,1.0,19.5,10.0,21.464820274854105,21.464820274854105,22.14508870429114,22.62653832101043,21.68014198196744,21.87152047404499,21.77583122800621,-0.191378492077552,21.699279831175197,49.63484103597839,49.63452840156424,49.842973465754845,0.6177317954591832,80.719794344473,21.680141981421293,17.497897503664365,80.719794344473,61.24048572981589,18.68037703513282,18.55184233076264,18.38046272493573,18.12339331619537,7.78,h512
IMG_00041.tif,1,2.0,21.502493459159744,21.586329491956068,23.38081060094005,23.46578054137411,25.246969400513784,25.33201587756151,2.519924584685742,1.225761800919697,-5.863896172615329,-4.87734998839469,6.0,18.488929314627427,19.15906078744616,19.756533426493007,17.221325202761847,70.95496570224893,65.4738723986993,76.43605900579855,6.0,1.0,17.5,6.0,17.36058013663697,17.36058013663697,19.89578836036813,,14.533230719723866,23.85281597949303,19.19302334960845,-9.319585259769164,15.465189245700785,66.66575734780564,65.35621774409027,85.62141698782214,0.4370376286032928,77.6349614395887,14.53323071960811,18.71710410311072,77.6349614395887,66.95621612847305,21.89374464438732,21.89374464438732,21.5509854327335,21.59383033419023,7.78,h512
IMG_00042.tif,1,4.0,15.067124020408333,15.105973819770275,15.821975768133106,15.850010432458925,16.581947682265405,16.600311688462277,0.8889927900379432,0.6053450786540574,-7.801848520972307,-3.4082745223503963,13.0,16.184937065214882,16.233326465211043,16.184937065214882,16.184937065214882,69.83287356462219,69.83287356462219,63.05724847420005,13.0,1.0,15.5,13.0,17.06488133395706,17.06488133395706,19.59477522244498,16.983888871986323,16.652404744047764,19.54446170134376,18.09843322269576,-2.892056957295997,16.941610439777364,48.42596230972615,48.32425673867516,52.38589456891518,0.5646325878809558,67.60925449871465,16.6524047438771,15.812579205198928,67.60925449871465,55.091449878201146,15.119304820929166,15.152398560762366,15.281358068892631,15.295629820051412,7.78,h512
IMG_00043.tif,1,2.0,17.06748083389743,17.13229904750966,18.769464225073182,18.844839670837523,20.45902419600808,20.544773105958104,2.066619335914534,1.3458547225339033,-11.92857306430752,-5.126266936474534,20.0,21.2810417771252,21.347730492732605,21.384830541058392,21.779669648000123,53.59708125491984,52.89996182112856,52.89996182112856,20.0,1.0,20.5,20.0,21.846380880618227,20.58033902223528,21.04483940241633,21.846380880618227,21.307150316780483,21.188606680659014,21.247878498719743,0.1185436361214681,21.29529595316833,46.75945684493854,46.759338033239295,46.6352910263752,0.8490125445920268,69.9228791773779,21.307150316703897,17.770495374010103,69.9228791773779,55.52252145545535,16.966580976863753,17.13796058269066,17.223650385604113,17.35218508997429,7.78,h512
IMG_00044.tif,1,2.0,16.87229162340961,16.872869045964613,18.181899689139996,18.18201797079483,19.41375255210034,19.41437835523232,1.2662116321185526,1.2752976771491566,-11.688594584615084,-0.2066690867289067,19.0,18.21169077393583,18.1107624127848,17.99967702040655,17.99967702040655,79.70438083008519,74.8399882863102,74.8399882863102,19.0,1.0,17.5,19.0,19.956067603772937,19.956067603772937,16.72104913646683,17.92383967191978,20.60764019469068,16.497600991891073,18.552620593290875,4.110039202799609,20.19663627441072,52.95181280689515,52.7378889472916,47.67471904190295,0.8668833779486127,122.87917737789202,20.607640194496923,13.009268420548825,122.87917737789202,74.54134205869903,16.538131962296486,16.795201371036846,17.052270779777206,16.966580976863753,7.78,h512
IMG_00045.tif,1,2.0,17.511657485216357,17.5183370527911,18.57932510690311,18.584581533014884,19.6472257669386,19.652027517652904,0.9824876577935344,1.151202807068269,-6.81640816293852,-1.362751773024763,12.0,15.721324047983105,15.617437245885194,15.728803764186807,15.7138443317794,83.23866366206363,77.5668694487356,79.24474262762767,12.0,1.0,14.5,12.0,15.62216975155502,15.5520000487887,15.566959481196108,15.5520000487887,16.521673477587626,14.422281582079238,15.471977529833431,2.099391895508389,16.31173428803679,65.59918233933166,65.4994705562167,61.44321682903552,0.7553457372088906,94.8586118251928,16.521673477460592,12.935827987831283,94.8586118251928,78.05383317676763,17.566409597257923,17.566409597257923,17.566409597257923,17.60925449871465,7.78,h512
IMG_00046.tif,1,2.0,12.810351599882445,12.88322305317752,14.283534082692412,14.358955555172903,15.77717848288708,15.853987690961649,1.4232680135447708,1.547496624239358,-9.952470005891524,-5.87508275618123,17.0,15.387439170756409,14.881976694718698,15.49916951327316,16.036083889612172,59.49134893740212,59.49134893740212,58.14436943444496,17.0,1.0,13.5,17.0,15.87059594930352,12.457284814106828,13.92295925426771,11.144364957513972,14.805866771477907,14.682074612783309,14.743970692130608,0.1237921586946002,14.793487555608449,50.13478619847789,50.134494476028365,49.92956355554273,0.7884326512841727,67.60925449871465,14.805866771366354,12.885527196940298,67.60925449871465,57.21531699727808,12.982005141388177,12.982005141388177,12.853470437017997,12.724935732647817,7.78,h512
IMG_00047.tif,1,3.0,14.67173204051366,14.67408906828831,15.556579159618211,15.558258614287624,16.43026558912372,16.43134914655522,0.5542362416984588,1.2030238365684531,-5.417485535241435,-0.8418702971397739,12.0,13.315461549128855,12.68197090922976,13.239806470105409,11.994816719049794,82.72727437465034,79.98167065477698,74.4460477850372,12.0,1.0,12.5,12.0,13.464295283119611,13.615605441166508,12.219305532063998,13.772286410936658,13.779535848628692,11.909573657700344,12.844554753164518,1.869962190928348,13.592539629535857,66.01249384145389,65.89654660730909,61.50323695390131,0.6364837810263835,99.8800959232614,13.779535848574264,10.53704366568122,99.8800959232614,80.10690804005944,14.668265387689848,14.668265387689848,14.668265387689848,14.628297362110311,16.68,gray853_a
IMG_00048.tif,1,2.0,12.48374165126968,12.524599160631931,13.863893978896783,13.909240065537691,15.265548921003122,15.313846397847968,1.4290885271151996,1.360158710100835,-7.789664269441719,-4.627792677599748,12.0,14.546519777120295,14.740564642523395,15.107920246158985,14.504193056168702,57.50672984600007,58.661959406647775,58.661959406647775,12.0,1.0,13.5,12.0,15.193136443890296,15.193136443890296,14.48421567461898,15.193136443890296,16.383469946910207,12.605508080795708,14.494489013852956,3.7779618661145,16.005673760298755,50.03028902304533,49.74833237906672,44.14361632883443,0.5585521976711085,62.98200514138817,16.383469946802858,12.92426606439065,62.98200514138817,55.67017749549969,12.51071122536418,12.51071122536418,12.339331619537274,12.210796915167094,7.78,h512
IMG_00049.tif,1,2.0,15.782894537066344,15.791013429706164,16.88871729324127,16.89989129305959,17.976350022620213,17.99114664810117,0.8731061149885525,1.327027103406457,-5.471558973872194,-2.083646000583485,15.0,16.899567042151148,17.297294134864348,17.43144392033929,17.43144392033929,64.3672926080839,60.37236272074075,57.90657684748152,15.0,1.0,16.5,15.0,19.03118271052716,17.026796056991884,17.508955898401922,17.026796056991884,19.030514678214715,16.807134541901405,17.91882461005806,2.223380136313309,18.808176664583385,51.28288077393032,51.21796549388586,48.32739004156818,0.7857039459304053,65.94724220623502,19.03051467816968,16.061498847451816,65.94724220623502,56.95684896086845,15.72741806554756,15.827338129496404,15.807354116706636,15.647482014388489,16.68,gray853_a
IMG_00050.tif,1,2.0,20.42803480215032,20.44030385693629,21.50482425253613,21.51871738062834,22.60425085087121,22.61970342731505,0.9946313340208752,1.1847682363578929,-8.52545658828686,-2.0589833191664506,21.0,19.02169603645117,19.30783973819972,19.09105105278388,19.471300992137003,77.38651110960467,76.05133240172883,64.81871303130215,21.0,1.0,18.5,21.0,18.39439682558438,18.03743475592529,19.583463440937464,18.03743475592529,17.764682527189745,21.38447399208785,19.5745782596388,-3.6197914648981104,18.12666167367956,60.91189924847388,60.74092003019302,66.69842472035668,0.7613895760588616,98.8009592326139,17.764682527132738,16.179464905000096,98.8009592326139,73.03237605178957,20.523581135091927,20.423661071143087,20.38369304556355,20.443645083932854,16.68,gray853_a
IMG_00051.tif,1,2.0,14.425937282855392,14.430793885455753,15.495322682635114,15.500253825751155,16.58060001945181,16.585425030551722,0.608373571970542,1.546257573125426,-4.503430260244024,-1.4452851589360929,9.0,14.827397523732458,14.056123126452542,13.06125286653858,14.827397523732458,71.04028475986735,71.04028475986735,68.22285315068959,9.0,1.0,13.5,9.0,12.729691056168887,15.69189591082781,12.626658061190398,16.143413165177094,16.719754179054963,9.942643021245845,13.331198600150405,6.777111157809118,16.04204306327405,63.89903329071991,62.50858004708348,50.09964731094338,0.7075266917999745,75.41966426858514,16.719754178994958,11.988524762730902,75.41966426858514,69.38906736697855,14.388489208633093,14.448441247002398,14.468425259792166,14.628297362110311,16.68,gray853_a
IMG_00052.tif,1,2.0,18.178579601246494,18.194316650876345,19.140590152247157,19.153281323965725,20.150029790736752,20.16041547372432,0.7487280967314601,1.2173707261165172,-10.150047685946218,-2.08588749365812,15.0,21.54626386843077,20.66647811467952,21.41193446717614,20.59321683850817,63.45587874431437,62.89502917846189,61.17135097851144,15.0,1.0,19.5,15.0,20.557124865609183,20.557124865609183,21.510171895531784,20.557124865609183,20.779564224526546,20.424374961477284,20.60196959300191,0.3551892630492577,20.74404529822161,51.400993221574055,51.3997444364106,50.97963634715163,0.6478949075217151,76.2589928057554,20.779564224409743,16.73659785825863,76.2589928057554,62.80543792183139,18.005595523581135,18.20543565147882,18.305355715427652,18.58513189448441,16.68,gray853_a
IMG_00053.tif,1,2.0,15.67021366832729,15.684990628955084,16.809178415636026,16.821500196190676,17.9793802726736,17.98778229261898,1.0435068237581326,1.259284839905766,-7.216109641585485,-2.1931509101887934,14.0,19.410220313256232,19.74288903930393,19.493406556223363,19.493406556223363,56.88015868455754,52.27734374821837,47.807986444134976,14.0,1.0,18.5,14.0,19.449578019148987,18.21834078434557,20.23360078159129,18.21834078434557,17.80415092018931,21.612633070416155,19.708391995302733,-3.808482150226845,18.184999135212,46.48816419739085,46.3456721910725,51.11550916490761,0.6896748261351141,61.63069544364509,17.804150920068523,17.36588422890717,61.63069544364509,52.36426880593362,15.52757793764988,15.627498001598722,15.787370103916864,15.887290167865707,16.68,gray853_a
IMG_00054.tif,1,3.0,14.625521686696828,14.63295380737584,15.641305871485644,15.648655351021878,16.65903114873669,16.666204546102882,0.8488050778708516,1.1844456608561946,-4.729617660627016,-1.756080452987922,15.0,14.963125656933926,14.99782915161538,14.963125656933926,16.013185519928214,62.80414408733674,62.80414408733674,65.79656514305134,15.0,1.0,15.5,15.0,15.366495077213756,16.203830008003962,15.180940748456692,16.23100061145098,13.831791267889594,17.708666198924313,15.770228733406954,-3.876874931034718,14.219478760993066,54.017253765627146,53.74708954096122,61.10033947797893,0.5258579857426067,68.70503597122303,13.83179126783486,14.209608259106306,68.70503597122303,59.5078802719968,14.588329336530776,14.588329336530776,14.628297362110311,14.688249400479616,16.68,gray853_a
IMG_00055.tif,1,2.0,16.307922117483656,16.315623816684322,17.5207936523469,17.526790949011197,18.73689847563833,18.74210854370631,0.6515589349999962,1.7749257920219914,-6.562348934163817,-1.4989135228577346,17.0,18.52029513996132,18.44288843651465,19.01258073804584,19.01258073804584,61.93920891206768,54.04875612636308,54.04875612636308,17.0,1.0,17.5,17.0,17.66389999991793,16.78787566294065,19.23401206795052,14.03007615742476,14.91916459271695,22.64771531749469,18.78343995510582,-7.72855072477774,15.692019665194724,51.250052487548565,50.53009465819193,63.19638656498051,0.6354288320725889,70.86330935251799,14.919164592642604,16.27182033672763,70.86330935251799,58.06781810121738,16.366906474820144,16.40687450039968,16.326938449240608,16.366906474820144,16.68,gray853_a
IMG_00056.tif,1,2.0,27.90621934489331,27.907422897296573,29.214886075610643,29.21561179859987,30.532497480016023,30.532887901537084,1.0201324259839986,1.6053325782565182,-2.684978523931391,-0.4038466428815533,23.0,8.144913864314105,8.233765633508765,8.166358616033165,8.722538585533783,172.5466841592758,160.54309406652405,162.52804980236394,23.0,-1.0,7.5,23.0,7.967080590000933,8.786767038509481,8.706198780940895,7.967080590000933,9.303806757066456,7.010853294791904,8.15733002592918,2.292953462274553,9.074511410839,197.9101032894368,196.602750953789,172.55161284426526,0.6936644445572739,149.56383822363205,9.30380675709313,9.241927815401969,149.56383822363205,173.69678691003176,27.887919640496964,27.887919640496964,27.887919640496964,27.914353687549564,12.61,telemed_644
IMG_00057.tif,1,2.0,27.905486066725,27.906700140891587,29.21186779243433,29.212599781997763,30.528728723974545,30.52912042547567,1.020374092460735,1.6020461921233495,-2.687073649261622,-0.4056074069337778,23.0,8.13618203252031,8.225479933426337,8.177810848111108,8.728391727736152,172.62183197689416,160.64945069394815,162.4614450739668,23.0,-1.0,7.5,23.0,7.956370314661399,8.765137135510372,8.707687244448778,7.956370314661399,9.282428030325482,7.0072451848368935,8.144836607581189,2.275182845488589,9.054909745776625,198.1896246454004,196.8967562277197,172.9406743950275,0.693713050048792,149.72244250594767,9.282428030352031,9.23150037267294,149.72244250594767,173.88640218457218,27.86148559344436,27.887919640496964,27.887919640496964,27.914353687549564,12.61,telemed_644
IMG_00058.tif,1,2.0,27.898323506616,27.899485753919887,29.211174751912896,29.211898114312365,30.52745011793188,30.52783650448865,1.0252514629058158,1.60309928766295,-2.673630639182212,-0.4032149285437428,24.0,8.127862750793781,8.228226981916192,8.160533154075836,8.760096848459,173.37349994670572,161.9738787713114,162.17271604262976,24.0,-1.0,7.5,24.0,7.930011515525109,8.767031168791846,8.707344392524988,7.930011515525109,9.36040981038048,6.862931236410199,8.11167052339534,2.4974785739702807,9.11066195298345,199.2256080735058,197.6449295307605,171.4679410747034,0.6940846915769427,149.56383822363205,9.360409810406338,9.21336892091135,149.56383822363205,174.18029065549078,27.86148559344436,27.887919640496964,27.887919640496964,27.914353687549564,12.61,telemed_644
IMG_00059.tif,1,2.0,27.89716604654597,27.898318452956428,29.21532721667396,29.21599512444937,30.537436862573543,30.537823540243703,1.0207003159182422,1.6188047713690306,-2.639861045362218,-0.3874238615930243,24.0,8.155595901431298,8.31301678790132,8.77799193195574,8.134941228919416,160.55034109757923,158.60052767325138,158.60052767325138,24.0,-1.0,7.5,24.0,8.079279653093863,8.71121110000945,8.681021011106395,8.0379703080701,9.477552735461025,6.791639107422437,8.134595921441731,2.685913628038588,9.208961372657166,198.899675340378,197.08299801342167,169.36016670992512,0.6940129093729979,149.40523394131642,9.477552735485752,9.242622715755877,149.40523394131642,173.6261414651141,27.86148559344436,27.887919640496964,27.887919640496964,27.914353687549564,12.61,telemed_644
IMG_00060.tif,1,2.0,27.893785354299897,27.894909400778825,29.21290522965123,29.2135520058162,30.540210343514968,30.54059844728185,1.0190558841685695,1.6266331623344596,-2.649656435657326,-0.3812617635888419,24.0,8.181469514127429,8.416594456111493,8.775518255350363,8.775518255350363,161.54719009033252,157.14473439463782,157.14473439463782,24.0,-1.0,7.5,24.0,8.087720419205311,8.66443196627307,8.653498938160851,8.087720419205311,9.662589613877914,6.731270458184016,8.196930036030965,2.9313191556938976,9.369457698308524,197.6898169844346,195.56910305839384,166.12539753692045,0.6942606223578133,148.29500396510707,9.662589613903474,9.325586989768292,148.29500396510707,172.07272591791656,27.86148559344436,27.887919640496964,27.887919640496964,27.914353687549564,12.61,telemed_644
IMG_00061.tif,1,2.0,27.01330909786242,27.01345407904752,28.15255533472364,28.15345166265282,29.26803736271426,29.26979646131073,0.9805069524547184,1.2758354298084835,-6.085032864266013,-0.4572002120480176,11.0,10.037600003906732,10.259327124722692,10.794482335795465,10.794482335795465,134.09558392909412,131.9235806347512,131.9235806347512,11.0,-1.0,9.5,11.0,10.814787975305194,12.219359785241863,9.448072101506114,10.814787975305194,11.621239480029148,8.952082312656659,10.286660896342903,2.669157167372489,11.3543237632919,151.9014651835354,151.04876055130524,133.9014819929354,0.5885044229257744,98.96907216494846,11.62123948017149,13.225166012420628,98.96907216494846,117.90118512218918,26.883425852498014,26.989162040708432,27.01559608776104,27.200634417129265,12.61,telemed_644
IMG_00062.tif,1,2.0,27.034968405172144,27.03508968531024,28.167700222702408,28.168654778790543,29.284174397060735,29.28596704792925,0.971619527602051,1.2792578350169703,-6.096138317587586,-0.4716898477409992,10.0,9.863385629392951,10.204438441491147,10.74420474016145,10.74420474016145,132.79078828423843,131.51648246593876,131.51648246593876,10.0,-1.0,9.5,10.0,10.797267519443151,12.17402567114192,9.491650277550091,10.797267519443151,11.55684730564892,8.926271608229039,10.24155945693898,2.6305756974198817,11.293789735906932,152.67076083373334,151.83102597556956,134.74757165153756,0.5362890700437157,100.0793021411578,11.556847305796492,13.177287062274983,100.0793021411578,118.41884206039576,26.93629394660323,27.01559608776104,27.04203013481364,27.27993655828708,12.61,telemed_644
IMG_00063.tif,1,2.0,27.037113293822376,27.03729233631193,28.168807855351982,28.170118497862603,29.315038416725905,29.317472944280617,1.0114049720803346,1.2687756358883522,-6.106224866238076,-0.5526969936057619,9.0,10.206458523711518,10.348030918695862,10.84499559297467,10.73729963352261,132.28353122210527,132.28353122210527,132.28353122210527,9.0,-1.0,9.5,9.0,11.501694588624956,11.501694588624956,9.442354454819338,10.801075363236464,11.794914245564062,8.992380999929761,10.393647622746911,2.8025332456343,11.514660921000631,150.5556937324146,149.64281698815333,132.07370180616329,0.5344156417559844,99.44488501189532,11.794914245712752,13.310615405632998,99.44488501189532,117.26130608919796,26.90985989955062,27.01559608776104,27.01559608776104,27.200634417129265,12.61,telemed_644
IMG_00064.tif,1,2.0,27.03816865763224,27.03835683242845,28.170318677694592,28.17128508552836,29.32108347110941,29.32370298252589,1.026174742989738,1.2591714071077091,-6.014344504178492,-0.4745869186900688,10.0,9.730626991026654,10.257909883224215,10.804177622461708,10.804177622461708,133.04272857049142,131.58262732584004,131.58262732584004,10.0,-1.0,9.5,10.0,10.800261779787093,12.286459069920909,9.506337600051893,10.800261779787093,11.72690188863374,8.775964699208616,10.25143329392118,2.9509371894251246,11.431808169691228,152.75994577857648,151.70343316770484,132.83529546441497,0.5337694814665339,99.76209357652657,11.726901888787182,13.15368296999874,99.76209357652657,118.64094725082856,26.883425852498014,27.01559608776104,27.01559608776104,27.200634417129265,12.61,telemed_644
IMG_00065.tif,1,2.0,27.040633821195293,27.04082482183372,28.19195496065157,28.19292822640877,29.36741543509886,29.37022540078962,1.0321990464709496,1.2972015324849548,-6.081557766609671,-0.4760850112155987,10.0,9.550252281189517,10.116685880848726,10.73743911180145,10.73743911180145,135.81791105329256,134.5522919067492,134.5522919067492,10.0,-1.0,9.5,10.0,10.810909561315556,12.187392476152128,9.0599197982923,10.810909561315556,11.702023267464195,8.687480930278152,10.194752098871174,3.0145423371860427,11.40056903374559,153.67436227959408,152.552430629071,133.12644717238928,0.5384249989183573,100.55511498810468,11.702023267625068,13.091120645376424,100.55511498810468,119.20932518931453,26.883425852498014,27.01559608776104,27.01559608776104,27.200634417129265,12.61,telemed_644
IMG_00066.tif,1,3.0,19.05181111792566,19.074556980265346,20.564946768212664,20.593063326049705,22.099531332874108,22.13202236161284,1.4416198951788708,1.615845486168623,1.878976646706488,2.9943851068198457,20.0,14.649553340790064,14.30687682344125,14.617500371994566,14.68160630958556,71.51405682181979,71.69810362654866,71.69810362654866,20.0,-1.0,13.5,20.0,14.770914786408412,14.30467434481622,12.001621383281304,14.30467434481622,15.771654815428022,12.406063607058377,14.088859211243198,3.365591208369647,15.435095694591055,78.66313941942113,78.29083154530767,70.1168628392712,0.6263723802317165,74.89878542510121,15.771654815443991,14.503900469013647,74.89878542510121,76.09649887093401,19.02834008097166,19.1183085919928,19.18578497525866,19.365721997300945,14.82,left_ticks_800
IMG_00067.tif,1,3.0,19.065705438114534,19.08833457600288,20.582594178723998,20.61045327715207,22.09347901403901,22.125650193134696,1.44083856599437,1.596477051137446,1.828893123634025,2.979382889052685,18.0,14.510856677411397,14.305423559452688,14.271030394337316,14.271030394337316,71.68430927706245,73.03797694927778,73.03797694927778,18.0,-1.0,13.5,18.0,14.44335703285526,14.44335703285526,12.291604324082527,14.44335703285526,15.959023065580638,12.231859465203245,14.095441265391942,3.727163600377394,15.5863067055429,78.76920119664847,78.31201281281795,69.36516465715464,0.5375333526456476,75.16869095816465,15.959023065597052,14.510673711529927,75.16869095816465,76.1171436062598,19.050832208726945,19.14080071974809,19.208277103013945,19.365721997300945,14.82,left_ticks_800
IMG_00068.tif,1,3.0,19.08993999668701,19.112876652520985,20.564864341066603,20.59327145062585,22.068596427121957,22.101796527112484,1.4323824183530056,1.5565374562384966,1.845679419149082,3.0098054022366987,21.0,14.265658988911184,14.111100717403446,14.265658988911184,14.265658988911184,73.17524821165061,73.17524821165061,73.17524821165061,21.0,-1.0,12.5,21.0,14.568530190678956,14.568530190678956,12.128309300171566,14.568530190678956,16.219883650941117,11.503936543325509,13.861910097133311,4.71594710761561,15.748288940179556,80.48310019357564,79.7071268312134,68.36656393393284,0.6885547304096642,75.16869095816465,16.219883650955886,14.293223108924838,75.16869095816465,77.34974724531297,19.095816464237515,19.14080071974809,19.23076923076923,19.365721997300945,14.82,left_ticks_800
IMG_00069.tif,1,3.0,19.09737726981274,19.12061436339128,20.555552378758435,20.584057627301284,22.041584789484144,22.074982191972985,1.4020086571489696,1.5523591714327356,1.9267452503295448,3.0156760216733702,21.0,14.717943203229735,14.329738909106732,14.717943203229735,14.780301618936392,71.32942481344925,71.32942481344925,71.32942481344925,21.0,-1.0,13.5,21.0,14.870898123625436,14.808539707918785,13.225834201669045,14.808539707918785,16.043254372176058,12.32450152917898,14.18387795067752,3.718752842997076,15.67137908787635,78.40997507380436,77.9626458572888,69.12483778186288,0.6891464173925639,74.49392712550608,16.0432543721885,14.587717327863544,74.49392712550608,75.8492844900708,19.073324336482237,19.14080071974809,19.208277103013945,19.365721997300945,14.82,left_ticks_800
IMG_00070.tif,1,3.0,19.139791766396524,19.16636804720482,20.560251529353213,20.5895284285734,22.043995867442423,22.078509585117285,1.341047103582668,1.5710944343297937,1.9778076759842016,3.055824749739536,21.0,14.79694951817538,14.414950912071248,14.79694951817538,14.382844056466382,71.31666630920438,71.31666630920438,73.88808154681722,21.0,-1.0,13.5,21.0,14.986814117479014,15.202358383024944,13.11149492986533,14.986814117479014,16.114391646762403,12.381220630173502,14.247806138467952,3.733171016588901,15.741074545103514,78.2448318154921,77.7990463567134,68.9864600929112,0.6877055652181527,73.00944669365722,16.11439164677719,14.729924283718002,73.00944669365722,75.30626652024202,19.073324336482237,19.16329284750337,19.23076923076923,19.365721997300945,14.82,left_ticks_800
IMG_00071.tif,1,3.0,17.288498682929355,17.291189997010427,18.413734417850744,18.418347998325885,19.578269791305917,19.585864236366557,1.083105607127032,1.2115686322290955,1.30716664367557,1.282449903448903,19.0,9.878186741201205,11.137886253949311,9.878186741201205,9.878186741201205,99.13625869070252,99.13625869070252,99.13625869070252,19.0,-1.0,10.5,19.0,10.529562085166845,11.924740715944324,10.212078702619351,13.64072476200664,12.463637263465497,10.752207565477688,11.607922414471592,1.711429697987809,12.292494293666715,86.06101659477694,85.90574779944377,80.09168572969406,0.6915455204565771,80.29689608636977,12.463637263454498,11.13410702723314,80.29689608636977,89.51238159921398,17.498875393612234,17.296446243814664,17.026540710751238,16.734143049932523,14.82,left_ticks_800
IMG_00072.tif,1,3.0,17.31192521049454,17.3148673073076,18.407512859308788,18.41183455888221,19.54335708492452,19.5509606115116,1.0480356524181318,1.188057651785867,1.3895398988324612,1.2414375580493162,19.0,9.998864599439372,11.20619069479974,9.998864599439372,9.998864599439372,98.4066961903361,98.4066961903361,98.4066961903361,19.0,-1.0,10.5,19.0,10.622582795486096,11.968648213772838,10.394170169459583,13.462732860737788,12.426258304922596,10.907002907210805,11.6666306060667,1.519255397711792,12.274332765151415,85.7150775155878,85.59448330659458,80.43694575989178,0.6904262707239428,79.6221322537112,12.42625830491141,11.18812163843566,79.6221322537112,89.20563079481747,17.521367521367523,17.318938371569953,17.026540710751238,16.734143049932523,14.82,left_ticks_800
IMG_00073.tif,1,3.0,17.316505805300153,17.319464223100926,18.400068572245363,18.40445747516449,19.55329263052805,19.56092222791918,1.0573941287728132,1.1840638760454407,1.3624680627251102,1.2513037279501842,18.0,10.665368139514214,11.29176187828774,9.983502074654837,9.983502074654837,94.32816087598523,98.1099387050309,98.1099387050309,18.0,-1.0,10.5,18.0,10.677597192688497,13.271915816616968,10.469106685885096,13.271915816616968,12.109282514681146,10.733518263495286,11.421400389088216,1.3757642511858597,11.97170608956256,87.53473636547044,87.42935164038882,82.53080902675386,0.689649911959209,82.05128205128204,12.109282514669008,10.922631453497116,82.05128205128204,91.36986515975124,17.54385964912281,17.341430499325234,17.026540710751238,16.734143049932523,14.82,left_ticks_800
IMG_00074.tif,1,3.0,17.323693037870004,17.326789537060726,18.41044481415223,18.415186182228133,19.550955718245863,19.55878859690241,1.051871940233314,1.180127119608374,1.4236013131597236,1.3002016937293523,17.0,11.615858746848003,11.412566765043309,10.102887234741644,10.102887234741644,88.75642262781687,97.39014766053062,97.39014766053062,17.0,-1.0,10.5,17.0,12.2661855162944,13.254449829236025,10.36506639143596,13.423718980805518,12.244675529617576,10.72546978583013,11.485072657723853,1.5192057437874469,12.092754955238831,87.11350842055506,86.98701855680385,81.66566256283254,0.6905177542063539,82.5910931174089,12.244675529605557,10.98972343471771,82.5910931174089,90.8563591352712,17.54385964912281,17.341430499325234,17.049032838506523,16.734143049932523,14.82,left_ticks_800
IMG_00075.tif,1,3.0,17.340097373330327,17.34335546454486,18.40839978836696,18.413033354651645,19.53431886990904,19.54217983040226,1.0291237678324616,1.1697005980249382,1.4607243858524088,1.2854102484093488,17.0,11.557757051662747,11.33862331923983,10.13612128573493,10.13612128573493,89.36113809344486,97.26727630793133,97.26727630793133,17.0,-1.0,10.5,17.0,12.19762629434257,13.294788836991984,10.432568035227291,13.294788836991984,12.390419989088176,10.467605590515788,11.429012789801982,1.922814398572388,12.198138549230938,87.69655443885259,87.49040113590664,80.79593039395118,0.6900952222268157,83.53576248313091,12.390419989075909,10.93401829863386,83.53576248313091,91.39967160418954,17.56635177687809,17.36392262708052,17.07152496626181,16.734143049932523,14.82,left_ticks_800
IMG_00076.tif,1,2.0,18.278667868214928,18.434961940950465,19.82428747895488,19.99029252695151,21.323944678567557,21.498039561328294,1.9835490345419884,1.0795285858358452,1.639149690139728,7.389068683477176,20.0,9.099400480498389,8.891779201520992,8.45788808708798,8.45788808708798,94.06192336790438,95.56410637123304,102.27668588249428,20.0,-1.0,8.5,20.0,9.759446017947198,11.566018031702583,9.026603074013735,11.566018031702583,9.994126672275394,9.049836471698637,9.521981571987014,0.9442902005767588,9.899697652217718,111.1332983078496,111.04246014428408,105.84616435617365,0.8015915185504796,70.71524966261808,9.99412667234649,12.151110159457524,70.71524966261808,87.26897659962671,18.533513270355375,18.35357624831309,18.37606837606837,18.286099865047238,14.82,left_ticks_800
IMG_00077.tif,1,2.0,18.266460598087225,18.42475995485441,19.829491949739506,19.99607645032532,21.339858259875257,21.51266035442547,1.985779008490251,1.102121391080809,1.703633446857047,7.40089933304462,22.0,9.12388337334076,9.070193612673672,8.981524608397251,8.482218481376634,94.79491703473188,97.02992220837449,104.43113150114894,22.0,-1.0,8.5,22.0,9.628182851378938,11.544852840781571,9.021341323813033,11.544852840781571,9.90114277679219,8.794143077991462,9.347642927391826,1.106999698800727,9.790442806912116,113.17851493218886,113.04653232823676,106.78478890749442,0.800168901572649,70.17543859649123,9.90114277684946,12.114810295663837,70.17543859649123,87.48938360142347,18.51102114260009,18.37606837606837,18.37606837606837,18.286099865047238,14.82,left_ticks_800
IMG_00078.tif,1,2.0,18.26902244094167,18.42646577788105,19.826298749623653,19.989592230733404,21.337833365971942,21.50661696992668,1.9636869428465145,1.1164642491991144,1.740057721434645,7.328518246650044,22.0,9.249567572043034,9.13059399574571,8.886305490325668,8.58062431536655,94.12920289167528,95.91615742651088,103.60582434836392,22.0,-1.0,8.5,22.0,9.740515837181988,11.365244115197129,8.862639164514917,11.365244115197129,9.555151425265857,9.273789303427783,9.41447036434682,0.2813621218380707,9.527015213082048,112.2683642927916,112.26003425598446,110.62223743290131,0.7995621060359933,70.71524966261808,9.555151425334229,12.151079321597754,70.71524966261808,87.23898238599729,18.488529014844804,18.398560503823663,18.37606837606837,18.286099865047238,14.82,left_ticks_800
IMG_00079.tif,1,2.0,18.28073221756657,18.43836928370807,19.830485349296904,19.99434085482454,21.336316111869756,21.505067083210776,1.94946598107632,1.1172318184263794,1.759708382900538,7.340263332813484,24.0,9.27386253425142,9.240286078524855,9.172920224649545,8.569851094944454,93.63640668502136,97.6219959198616,103.27607646179442,24.0,-1.0,8.5,24.0,9.739185825966048,11.748970115088357,9.130282941996027,11.670230528953825,10.835385640883892,8.601380285186831,9.718382963035362,2.2340053556970605,10.611985105314186,109.3314339117673,108.84995415698444,97.74289364470366,0.8028706083872488,68.82591093117409,10.835385640927838,12.444972905005882,68.82591093117409,85.26368840513331,18.488529014844804,18.398560503823663,18.37606837606837,18.286099865047238,14.82,left_ticks_800
IMG_00080.tif,1,2.0,18.272864448277588,18.429999230736787,19.827611880283275,19.99185487006749,21.329059865021517,21.496975584964183,1.943773500324001,1.123202853903401,1.7616208846875971,7.349406745276989,23.0,9.26714408448882,9.153236356258647,9.19858031026206,8.53352923890867,94.47902914619225,97.235290192901,104.4690012561752,23.0,-1.0,8.5,23.0,9.729977987454618,11.29378483624805,9.1831798095958,11.29378483624805,10.442859453873124,8.706217254649872,9.574538354261495,1.7366421992232517,10.269195233950798,110.72542100529098,110.42220212883154,101.33018647079533,0.8076293340062461,69.36572199730094,10.442859453919224,12.307462362935944,69.36572199730094,86.1643399460534,18.488529014844804,18.398560503823663,18.37606837606837,18.286099865047238,14.82,left_ticks_800
IMG_00081.tif,1,2.0,18.59556168954599,18.65426835519956,20.00658032949196,20.073954491002524,21.502258336404267,21.582090701315558,1.7340709897363933,1.1937513563795998,2.28544004673269,4.695581604431855,24.0,9.756543015988356,9.617780069223263,9.145714756664349,9.145714756664349,99.17217061551035,100.02061162482369,105.10387155853404,24.0,-1.0,9.5,24.0,9.293570794693096,12.09208685671416,9.86987826613796,,12.302450175734656,7.978638120298207,10.140544148016431,4.32381205543645,11.870068970191012,107.39664476287211,105.7555272154189,87.38669175071323,0.6341857486047383,87.4493927125506,12.30245017575778,11.19729787974958,87.4493927125506,95.88472722093051,18.91587944219523,18.73594242015295,18.46603688708952,18.488529014844804,14.82,left_ticks_800
IMG_00082.tif,1,2.0,18.59524645286637,18.65142080513456,20.006085250650184,20.072412677249613,21.529533681109488,21.60969744071506,1.7577619965654332,1.2005146390150736,2.313857087930045,4.659121954724039,25.0,9.952276717472271,9.671081982317364,9.192096340344309,9.161019410358392,99.65411052588546,100.8305288753476,105.67867508038545,25.0,-1.0,9.5,25.0,9.302888859290988,11.555440371894292,9.81641758560022,11.555440371894292,12.67698706431628,7.792831725276615,10.234909394796446,4.884155339039664,12.188571530412313,106.8318802854585,104.78067044102652,84.83716807530543,0.7579902844967477,87.17948717948718,12.676987064337856,11.246558930423577,87.17948717948718,95.4609610730126,18.93837156995052,18.71345029239766,18.46603688708952,18.488529014844804,14.82,left_ticks_800
IMG_00083.tif,1,2.0,18.57996626330819,18.634820645454425,19.984920979768816,20.04953171505828,21.490365694052976,21.56673413167807,1.737196892361098,1.1947165938625528,2.2858343534661727,4.601024569082167,23.0,9.595856450305916,9.645773771475769,9.14156836023338,9.14156836023338,101.10352760138892,103.8966117719948,105.64558364196247,23.0,-1.0,9.5,23.0,9.242093764825484,12.238953779019653,9.274270845164551,,12.126863468722483,8.104674957958663,10.115769213340574,4.022188510763822,11.724644617646105,107.33441361903922,105.9104585493067,88.54786079506304,0.6458154469407801,88.93387314439946,12.126863468743514,11.105156775598129,88.93387314439946,96.57774583113122,18.91587944219523,18.69095816464237,18.46603688708952,18.488529014844804,14.82,left_ticks_800
IMG_00084.tif,1,2.0,18.58108043159648,18.636077834756005,19.99975770925865,20.064822406720783,21.521328249061828,21.599222502831356,1.7588061153926404,1.204338552682707,2.267699277834354,4.615408074333456,24.0,9.32944614612191,9.575605063844035,9.139686984268252,9.139686984268252,101.808102338547,105.51008158268095,105.51008158268095,24.0,-1.0,9.5,24.0,9.2583163488967,12.252816574214023,9.282139654954564,,12.917389285832169,7.495555265289694,10.20647227556093,5.421834020542474,12.37520588377792,107.55532589983837,104.98633123110002,83.21845912503159,0.6355022322563165,86.90958164642375,12.917389285857158,11.202843792841009,86.90958164642375,95.7528214645555,18.893387314439945,18.71345029239766,18.488529014844804,18.488529014844804,14.82,left_ticks_800
IMG_00085.tif,1,2.0,18.592299296440643,18.64858880447,20.02267633063458,20.0884992448398,21.552961811659728,21.631085508778064,1.7634611768938326,1.2190355274142295,2.22889150259428,4.639499089833548,27.0,9.716601553640714,9.552085643882304,9.14334792370829,9.099737343797926,99.80329305556369,102.66692291359608,105.53222543624436,27.0,-1.0,9.5,27.0,9.214607904170975,10.6550166283115,9.392410834210636,10.6550166283115,11.87598568932046,8.107085861169782,9.99153577524512,3.7688998281506776,11.499095706505392,108.58681397998242,107.2915796546906,90.45634802086968,0.835170770877705,89.3387314439946,11.875985689340256,11.024431250378722,89.3387314439946,97.34673636236003,18.91587944219523,18.71345029239766,18.46603688708952,18.488529014844804,14.82,left_ticks_800
IMG_00086.tif,1,2.0,24.9194082296554,24.965058378589585,26.33067732453375,26.377061132410606,27.782142778922157,27.83315931639888,1.2683614217586996,1.5997395160505885,-1.4064754766163288,3.398374914603679,12.0,9.135266402604929,9.356425267031035,9.570698043319029,9.570698043319029,123.55888246875912,121.45295628632172,121.45295628632172,12.0,-1.0,9.5,12.0,12.729003330834985,14.884914819977126,9.758665097423147,14.884914819977126,16.460825220288253,7.395390482112224,11.928107851200238,9.06543473817603,15.55428174647065,127.07530637262064,120.7371032648486,88.06633462174419,0.716474971944386,87.04453441295546,16.460825220367635,13.723236900084988,87.04453441295546,105.19000404059136,24.898785425101213,24.9212775528565,25.056230319388213,25.101214574898783,14.82,left_ticks_800
IMG_00087.tif,1,2.0,24.905890876311265,24.951790041296334,26.317876313538275,26.363883101565783,27.771148091521308,27.822152505207494,1.2699805375139497,1.6003819263972134,-1.3689518293612364,3.385377277696648,13.0,9.643287685898288,9.468216459432991,9.643287685898288,9.643287685898288,121.29181643007004,121.29181643007004,121.29181643007004,13.0,-1.0,9.5,13.0,12.655303095646786,14.154464678080387,9.854295698366627,14.154464678080387,16.83097129420683,6.155738573500129,11.493354933853478,10.6752327207067,15.76344802213616,135.50251991829086,125.17350569162043,86.13857038647076,0.718533246033675,87.71929824561403,16.830971294267602,13.31223158649441,87.71929824561403,108.31941840374536,24.898785425101213,24.9212775528565,25.056230319388213,25.101214574898783,14.82,left_ticks_800
IMG_00088.tif,1,2.0,24.901164205617224,24.9463771593583,26.328946360041662,26.37533563820445,27.782385961048373,27.83350473238306,1.2725877445816869,1.6145398284430692,-1.3962831087270198,3.398686561026525,13.0,9.557907175145004,9.36610070570524,9.557907175145004,11.293101672698356,122.02571773799322,122.02571773799322,98.6798739788298,13.0,-1.0,10.5,13.0,12.598181574521846,13.917920352268766,10.005690983475349,13.917920352268766,16.51771215327578,6.426382492839761,11.47204732305777,10.09132966043602,15.50857918723218,134.50747644392678,125.37682171660808,87.7071631128532,0.71895266570751,88.52901484480432,16.51771215333516,13.283525533339445,88.52901484480432,108.52672685688378,24.9212775528565,24.9212775528565,25.056230319388213,25.168690958164643,14.82,left_ticks_800
IMG_00089.tif,1,2.0,24.91068299168792,24.95587645758051,26.347946114681665,26.396371462802108,27.809584278188066,27.86061491197387,1.2756853989429886,1.6290530554503764,-1.3776717333258324,3.4711094430585083,13.0,9.915150407001365,9.732888510634274,10.681682397319465,11.27107012425347,119.58401885626157,111.07512911617856,98.9544012062562,13.0,-1.0,10.5,13.0,12.586367314150948,15.11422185896012,10.87944448333542,15.11422185896012,17.25736268652976,6.5774420481626406,11.9174023673462,10.679920638367118,16.189370622693048,129.97549054879397,120.80087531111737,84.0867858833094,0.7145874955316804,87.17948717948718,17.257362686590287,13.717543202688637,87.17948717948718,105.1952807358498,24.9212775528565,24.9212775528565,25.0787224471435,25.168690958164643,14.82,left_ticks_800
IMG_00090.tif,1,2.0,24.938361937077328,24.98396024008645,26.3680854086708,26.418031075277742,27.815512348994368,27.86616338401357,1.268986450014489,1.613216693912639,-1.2921477529285663,3.5237473339378576,14.0,10.156383892768917,9.69121588358148,10.31741508551204,11.309901010379008,117.81873984045043,114.57481254332252,98.58703450495751,14.0,-1.0,10.5,14.0,12.717544640276516,14.378679407092193,11.386332854680743,14.378679407092193,16.71031221096014,7.422241977807735,12.066277094383938,9.288070233152409,15.781505187644902,125.90705255528796,119.45863636838484,86.84917253053801,0.7217066930566428,87.58434547908232,16.710312211018728,13.75512511123919,87.58434547908232,105.02461709834132,24.9212775528565,24.966261808367072,25.0787224471435,25.168690958164643,14.82,left_ticks_800
IMG_00091.tif,1,2.0,25.763449017525257,25.804778728701766,27.18127715406655,27.21759291398191,28.591910267036088,28.620224881618537,1.0289879771617272,1.78645817575505,3.281837604540492,2.96011539871194,29.0,11.685605182502286,12.865941483855334,12.048841258932155,14.230241376576828,130.277885551645,124.27907012878894,106.36757944359204,29.0,-1.0,11.5,29.0,13.82514600646192,14.07837765041316,10.906760644931865,14.07837765041316,16.823961784455975,7.955096468355043,12.38952912640551,8.868865316100933,15.937075252845885,125.62711699851654,120.09864961660097,89.02945861721972,0.7599523946496585,111.74089068825911,16.823961784458355,12.572769197015608,111.74089068825911,118.37586256070928,25.79847053531264,25.820962663067927,25.843454790823213,25.910931174089068,14.82,left_ticks_800
IMG_00092.tif,1,2.0,25.76805739980869,25.80997624163935,27.180271923799168,27.21676984512776,28.583409321384323,28.611888609084577,1.0238624995293797,1.7780498679158494,3.2885985303945606,2.967576681743286,29.0,11.68797082351017,12.81962267821539,12.114038004550878,14.21043125334424,130.2360419439369,123.49737276991192,106.48288538709085,29.0,-1.0,11.5,29.0,13.802435357863487,13.995332257089558,10.909478797663724,13.927662403844806,16.760321257945268,7.946513973935569,12.35341761594042,8.8138072840097,15.878940529544298,125.97296218349337,120.46700408409735,89.37464697881194,0.7610927415460101,111.74089068825911,16.76032125794778,12.546082765504984,111.74089068825911,118.64602540997596,25.79847053531264,25.820962663067927,25.843454790823213,25.910931174089068,14.82,left_ticks_800
IMG_00093.tif,1,2.0,25.76466358903101,25.806687008802253,27.17712794941641,27.213522063876525,28.581268479597025,28.609564808162435,1.025854444772786,1.7770233545873957,3.252245354309467,2.9635294286234286,29.0,11.670219353629506,12.82303820551609,12.05992733391011,14.111026629396662,130.1748683585524,123.65611383452608,107.01224659684628,29.0,-1.0,11.5,29.0,13.715353713067998,13.916464244405915,10.87760880839818,13.963414233486333,16.703606614682712,8.004967156539658,12.354286885611184,8.698639458143054,15.833742668868409,125.79369744056427,120.44442097542564,89.65881619063772,0.7608696561869891,111.6059379217274,16.70360661468546,12.561107577387606,111.6059379217274,118.49237751160832,25.79847053531264,25.820962663067927,25.843454790823213,25.910931174089068,14.82,left_ticks_800
IMG_00094.tif,1,2.0,25.760539153767084,25.80250108816913,27.18279774872857,27.219184182279577,28.5898398601452,28.61802376938296,1.0250501379735817,1.79047254324025,3.241499920080602,2.9629083307353588,29.0,11.676016202680188,12.797953434525285,12.051408214629731,14.139913534491429,129.95831754634855,123.62924969921542,106.69598333901268,29.0,-1.0,11.5,29.0,13.757367736986282,13.910983838028756,10.862643226808132,13.933756358683468,16.62021052556976,8.055253218536574,12.337731872053167,8.564957307033186,15.76371479486644,125.7780705912997,120.58394845600694,90.08129238644248,0.7586826088532144,112.01079622132254,16.620210525572446,12.542297343600536,112.01079622132254,118.64796950119734,25.775978407557357,25.79847053531264,25.820962663067927,25.843454790823213,14.82,left_ticks_800
IMG_00095.tif,1,2.0,25.75920764854541,25.801423038667483,27.178375787969877,27.2147273486292,28.587668039995467,28.615827892975013,1.0253684347190029,1.7890364195885269,3.2792166331497965,2.961730381781116,29.0,12.030046650549338,12.894603853239696,12.054453488634609,14.185428137336771,125.4954367694398,123.86092788396502,106.51382869377622,29.0,-1.0,11.5,29.0,13.787309914694106,13.911859468557225,10.949452241491713,13.911859468557225,16.621541976551285,8.174383247906999,12.397962612229144,8.447158728644288,15.776826103686858,124.96440529673944,120.000426718083,90.0691640521307,0.7620680296012857,111.6059379217274,16.62154197655402,12.596419020148554,111.6059379217274,118.13966403197426,25.775978407557357,25.79847053531264,25.820962663067927,25.843454790823213,14.82,left_ticks_800
IMG_00096.tif,1,2.0,23.35197439969054,23.352786575219064,24.826339997729573,24.827336360524782,26.269721124155208,26.27087715133376,1.7031579787735402,1.2149325973411549,-4.763755922724108,-0.5133135987635861,11.0,14.95564068112472,13.863848850947766,14.95564068112472,15.110379640246803,74.98659963013834,74.98659963013834,74.98659963013834,11.0,-1.0,12.5,11.0,16.248995097492013,15.302989345278291,11.591494276023012,,19.7416208792955,8.607237335718564,14.17442910750703,11.134383543576936,18.62818252493781,100.6376025560268,95.27371362179552,69.06917570762484,0.6793221683101556,68.69095816464237,19.741620879404906,16.221075624602864,68.69095816464237,83.5174387653162,23.52676563202879,23.39181286549708,23.279352226720647,23.07692307692308,14.82,left_ticks_800
IMG_00097.tif,1,2.0,23.33774346003145,23.33858347608131,24.80781085619037,24.808757750576167,26.262378442450967,26.263284810265965,1.7115651664641576,1.213136167720489,-4.72235042164168,-0.5005958825770533,12.0,15.05687136134108,14.29648457698395,15.120418360855552,14.993324361826607,78.4287832072959,74.36718613381485,82.49038028077693,12.0,-1.0,12.5,12.0,16.118839786990947,15.499972637651725,11.635895817250798,,19.324165918946683,9.74500146497502,14.53458369196085,9.579164453971666,18.36624947354952,96.474392066436,92.90625261835048,70.46019774625707,0.6821941766013531,68.42105263157895,19.32416591905407,16.56051740589093,68.42105263157895,81.80305890793272,23.504273504273502,23.346828609986503,23.25686009896536,23.00944669365722,14.82,left_ticks_800
IMG_00098.tif,1,2.0,23.334741739424057,23.33558862941176,24.806768616731333,24.80761615762529,26.25232637880932,26.253376039660115,1.7087428088664554,1.2090446013819005,-4.702066548907866,-0.4736163439871717,12.0,14.998981776823117,14.402119394514113,15.201675799793662,15.201675799793662,77.91357741129934,74.2724337664926,74.2724337664926,12.0,-1.0,13.5,12.0,16.249751564151296,15.220481741743155,11.687495762317042,,19.18123526035378,9.973191719924548,14.577213490139163,9.208043540429234,18.26043090631086,95.8772332763884,92.62845253172684,70.95608942418056,0.6796914244383456,68.42105263157895,19.181235260464742,16.602231287712716,68.42105263157895,81.59274787682234,23.504273504273502,23.346828609986503,23.25686009896536,23.00944669365722,14.82,left_ticks_800
IMG_00099.tif,1,2.0,23.32999706654716,23.33065952671896,24.801761434761644,24.802535682200755,26.261755650835383,26.26244497923836,1.720572178678554,1.2112132738408417,-4.686709603335178,-0.452720965614217,11.0,15.032276962874334,14.58686863379912,15.27884309618753,15.27884309618753,74.35335750016236,74.35335750016236,74.35335750016236,11.0,-1.0,15.5,11.0,16.271301628812182,15.189367153283598,14.24480884928741,,19.23892367897757,9.991670958055591,14.615297318516582,9.24725272092198,18.31419840688537,95.62615161652964,92.37508972889728,70.73814990965757,0.4970791401244811,68.15114709851552,19.23892367910921,16.664220746077866,68.15114709851552,81.28262498857897,23.481781376518217,23.32433648223122,23.279352226720647,23.00944669365722,14.82,left_ticks_800
IMG_00100.tif,1,2.0,23.343007649286623,23.343629655240864,24.804578297477978,24.805305766721304,26.259153700362017,26.25979268442125,1.706077991918481,1.210085037261908,-4.681358917541396,-0.4388071722818402,10.0,15.136133767375467,14.714067889864475,15.431316704387854,14.840950830363084,72.55260299498154,74.6820115373258,83.23775321169184,10.0,-1.0,15.5,10.0,16.322791433331417,15.613680179323154,11.276543172325262,,19.974783770604056,9.28119037565889,14.627987073131472,10.693593394945166,18.905424431109537,96.78643445790038,92.34954506434288,68.27193774399394,0.4806913065084075,67.74628879892038,19.974783770731086,16.668352222883218,67.74628879892038,81.30957621954708,23.481781376518217,23.346828609986503,23.279352226720647,23.00944669365722,14.82,left_ticks_800
IMG_00101.tif,1,2.0,26.958366888776144,26.96568149159245,28.44292711500257,28.44785440955377,29.93646549739565,29.939277630540808,1.7098575245917298,1.263738614356635,-3.023341405575821,1.066408021235614,17.0,11.99687326104285,12.200363734133967,11.888200900171796,11.550847376032664,103.83209024820763,105.7796902171551,116.54292089104766,17.0,-1.0,11.5,17.0,13.224730271906653,13.224730271906653,10.7826610949312,12.422619735664057,14.524136534594088,9.895414707112018,12.209775620853051,4.628721827482071,14.061264351845882,129.04468659336143,127.49355206530564,107.51642251937456,0.6948522251378192,90.55330634278002,14.524136534666187,14.219402631850866,90.55330634278002,109.77155889882762,27.19298245614035,26.94556905083221,26.855600539811064,26.58569500674764,14.82,left_ticks_800
IMG_00102.tif,1,2.0,26.956013905202145,26.963431180555265,28.440181088470144,28.445130988039605,29.933365686075817,29.936176859318604,1.709114588860624,1.2636310899027137,-3.014170672352502,1.0689026481140615,18.0,11.94905931923293,12.190245603661667,11.9274610562168,11.531499094777928,104.88708043022292,105.92013722417306,116.66380877487371,18.0,-1.0,11.5,18.0,13.48612670410597,13.48612670410597,10.759556373272517,12.30602098118976,14.490745912261726,9.897694251531291,12.194220081896509,4.593051660730436,14.031440746188682,129.17587499429268,127.64326785201963,107.75002213511758,0.6957627476590555,90.55330634278002,14.49074591233608,14.205597321909142,90.55330634278002,109.86704159044872,27.19298245614035,26.94556905083221,26.855600539811064,26.58569500674764,14.82,left_ticks_800
IMG_00103.tif,1,2.0,26.952888975299903,26.960178916264677,28.435328127202705,28.440208940887825,29.926535273817656,29.92931792009309,1.7084719668843584,1.2606670369440605,-3.005414669317383,1.0615087171269135,18.0,11.972263823692742,12.154114468789784,11.841117804114504,11.542807888837046,103.93739115892332,105.28719102551368,116.33241502902654,18.0,-1.0,11.5,18.0,13.437493851055706,13.259908353272747,10.737728673571269,12.143305326389282,14.473040461755009,9.843644477000336,12.158342469377672,4.629395984754671,14.010100863279542,129.57014527580932,127.99879858070094,107.8660120718201,0.6968520012756836,90.68825910931174,14.47304046182666,14.157854282428987,90.68825910931174,110.21663731216286,27.19298245614035,26.94556905083221,26.855600539811064,26.58569500674764,14.82,left_ticks_800
IMG_00104.tif,1,2.0,26.95165043554088,26.959028047083823,28.43031488732881,28.43523576072289,29.91870884135887,29.921513796006497,1.711141504525993,1.251344244396683,-3.0050369419060847,1.0659493585265207,20.0,12.504983572124928,12.125075646559525,11.950276509079371,11.649353451852562,103.95155435286463,105.10906457183184,116.70096801210934,20.0,-1.0,11.5,20.0,13.391024283619174,13.449454075297467,10.787471039435786,12.295637869083862,14.172493627505204,10.216761079632144,12.194627353568674,3.955732547873058,13.776920372717896,128.74851210962842,127.61842770222049,110.10058380156391,0.7468950606631644,91.36302294197031,14.172493627562169,14.194694300028068,91.36302294197031,109.93191442579077,27.19298245614035,26.94556905083221,26.855600539811064,26.58569500674764,14.82,left_ticks_800
IMG_00105.tif,1,2.0,26.94305571988109,26.95054882537241,28.42382510597449,28.428747838106226,29.91106516088105,29.913841094912,1.71693582075942,1.2463564487801733,-2.9920521218756746,1.066272316676585,19.0,12.271023606749708,12.031830491167932,11.904975450026685,11.659728496360202,104.9404284303724,104.9404284303724,115.547426651769,19.0,-1.0,11.5,19.0,13.395859225590868,13.395859225590868,10.853147321507777,12.641095027543656,14.154913264378568,10.159889767658568,12.157401516018568,3.995023496719999,13.755410914706566,129.1270329269657,127.96363525845972,110.20038420455936,0.7461977065297835,91.63292847503374,14.154913264433567,14.143953246238404,91.63292847503374,110.28403375764978,27.19298245614035,26.968061178587494,26.87809266756635,26.58569500674764,14.82,left_ticks_800
IMG_00106.tif,1,2.0,27.98731033143834,28.005586960279643,29.60351391479797,29.615968573134914,31.22556592931228,31.23056249809288,1.587942920054079,1.637032617759154,-0.2409106608645511,1.66171212981983,19.0,11.654918927446346,11.982379827009645,11.918067313177062,12.46413451774012,127.33229415562388,125.51364230145929,117.61117588763716,19.0,-1.0,10.5,19.0,11.916894612000531,11.635208066926964,11.93048609896789,13.002963641993349,10.616858710761162,13.361908708309548,11.989383709535357,-2.745049997548385,10.891363710516,135.3898371295609,134.7998046204141,151.98620455126792,0.5698421894243717,126.24900872323552,10.61685871080484,13.145464982367166,126.24900872323552,123.1268971583606,28.046523922812582,27.914353687549564,27.887919640496964,28.072957969865183,12.61,telemed_644
IMG_00107.tif,1,2.0,27.997440083535192,28.015230254530792,29.605418317795,29.61784376265617,31.22760658193821,31.23261791078937,1.578106654211772,1.6392810020468025,-0.233628587328642,1.6597094580153264,20.0,11.658656764663604,11.984174055853114,11.924661803605176,12.508872143671908,127.76739517452258,125.6399123861972,117.45330637682004,20.0,-1.0,10.5,20.0,11.916564996381794,11.640424532565476,11.932204919909395,13.00777400342406,10.59032332569601,13.379888010949248,11.985105668322628,-2.7895646852532376,10.869279794221336,135.50451783206643,134.89416612879683,152.41570974972083,0.5693687977919524,127.20063441712928,10.59032332573936,13.12696328836732,127.20063441712928,123.3403120027684,28.046523922812582,27.914353687549564,27.887919640496964,28.072957969865183,12.61,telemed_644
IMG_00108.tif,1,2.0,27.99306898152281,28.011463140048317,29.60596463224877,29.618462753564643,31.230691937254807,31.23572518297448,1.5845572934251602,1.639704749501,-0.237779060893171,1.6645391488322607,20.0,11.645711783229132,11.96530118947404,11.920779279374472,12.510469386448449,127.80544051596084,125.39885357263748,117.23445119819488,20.0,-1.0,10.5,20.0,11.91772550598114,11.620077697572412,11.942973127842665,,11.858974246952538,11.861856577954732,11.860415412453635,-0.0028823310021943,11.859262480052758,136.27269889682293,136.2726982300174,136.2890216055533,0.5695139091915615,121.33227597145124,11.858974247006936,13.019085483932727,121.33227597145124,124.32712637609497,28.046523922812582,27.914353687549564,27.887919640496964,28.072957969865183,12.61,telemed_644
IMG_00109.tif,1,2.0,27.9846624577039,28.00312062720315,29.606350315893486,29.61881964614881,31.231708470900003,31.23676095279732,1.5920047149533436,1.6416356106408352,-0.2386624218527424,1.6626106490295325,20.0,11.647495635483182,11.972089054265124,11.92115302341361,12.506688778113528,127.41910821813316,125.30352077757315,117.21135045440752,20.0,-1.0,10.5,20.0,11.918487972410787,11.628582610916965,11.947484160976389,12.98494613877392,10.560965688076658,13.395009786826524,11.977987737451592,-2.8340440987498656,10.844370097951645,135.54507824442973,134.9140863820612,152.76768432597302,0.5697184956122112,126.88342585249802,10.56096568812064,13.13886522840331,126.88342585249802,123.17661639420017,28.046523922812582,27.914353687549564,27.887919640496964,28.072957969865183,12.61,telemed_644
IMG_00110.tif,1,2.0,27.993932596574705,28.012199648926327,29.60735505960957,29.61974151255558,31.235338368835425,31.24037508284895,1.5867296287921877,1.6414458051304373,-0.2392655500761054,1.657049997578156,19.0,11.640118721496265,11.962846756767789,11.924205110104737,12.55330548990753,127.59793957040168,125.39629432818042,116.9109376816916,19.0,-1.0,10.5,19.0,11.918543253042913,10.149184341430896,11.944718463191748,13.036457803812825,10.546630794579215,13.376888458924666,11.96175962675194,-2.830257664345452,10.82965656101376,135.77060235919606,135.1385247168666,153.0228802740517,0.5694059440449999,125.77319587628868,10.54663079462381,13.118869533292465,125.77319587628868,123.40131057447157,28.046523922812582,27.914353687549564,27.887919640496964,28.072957969865183,12.61,telemed_644
IMG_00111.tif,1,2.0,23.37121825566848,23.37910055386229,24.96096749486225,24.96947710159983,26.60336700125388,26.612538711317427,1.8422488614552237,1.3911892959999084,0.4450362498669089,1.4958911272311768,16.0,14.467444799648192,14.330479100519597,14.93179247361536,15.291194742333149,90.1212285238742,88.04395220227141,86.18023082271476,16.0,-1.0,13.5,16.0,13.951941163830044,13.951941163830044,15.593671831502007,13.951941163830044,13.789619484469194,15.533404507564994,14.661511996017094,-1.7437850230957992,13.963997986778775,92.45960141880455,92.35152767817034,98.06665119549427,0.7278517606547665,92.46629659000791,13.789619484482513,15.066179633165472,92.46629659000791,89.92618013083096,23.684906159132964,23.420565688606924,23.2090933121861,22.839016653449644,12.61,telemed_644
IMG_00112.tif,1,2.0,23.384381113531504,23.392383454732293,24.95549093855584,24.964299069345746,26.55716238675607,26.566242818801392,1.84073811288017,1.3331212511889323,0.3732281743370572,1.52206286195864,16.0,15.062865588755486,14.368779341342556,15.052078834034887,15.342525609298576,86.66708293220887,87.0140515177025,85.26313085848338,16.0,-1.0,13.5,16.0,13.8819695685861,13.8819695685861,15.62103500131417,13.387200271210986,13.90802334992425,15.5729440490035,14.740483699463876,-1.6649206990792491,14.074515419832176,92.01704937438129,91.92006946199636,97.30353578276048,0.7279759994422008,92.14908802537668,13.908023349938004,15.163976303554325,92.14908802537668,89.41069954232375,23.711340206185568,23.44699973565953,23.28839545334391,22.91831879460745,12.61,telemed_644
IMG_00113.tif,1,2.0,23.501965110735227,23.51333887409797,25.00547449309298,25.015457600895147,26.56729656202264,26.576171715846694,1.7310736205698165,1.3317592211789175,0.4195977930523406,1.6187535317592197,15.0,14.596777074881288,14.340939499672686,14.596777074881288,15.490402726261491,88.77201059509355,88.77201059509355,83.96620215621292,15.0,-1.0,13.5,15.0,13.700866876030318,13.700866876030318,15.59573037923775,13.259523438183804,13.647893869436718,15.767665210065305,14.70777953975101,-2.119771340628585,13.859871003499576,92.75098417078596,92.5917231703454,99.62957156222468,0.6802275916694588,91.67327517842982,13.647893869457132,15.274185677248312,91.67327517842982,89.23543960628017,23.711340206185568,23.49986782976473,23.341263547449117,22.91831879460745,12.61,telemed_644
IMG_00114.tif,1,2.0,23.50235352301355,23.513457719408784,25.001181751274675,25.01145087292563,26.54516689544544,26.554018831095775,1.7308434219695483,1.3097176897174423,0.4707951751324903,1.641911321153113,16.0,14.888857841647392,14.521036864251167,15.175333615405409,15.625384458323794,88.16380935236532,87.18747905358909,83.65060676712788,16.0,-1.0,13.5,16.0,13.737193449312372,13.737193449312372,15.43732161524622,13.31677184891953,13.85002913916319,15.751763989221631,14.80089656419241,-1.901734850058441,14.040202624169034,92.14893773355811,92.02323713069602,98.20455618564183,0.6802755291606817,91.03885804916732,13.850029139182409,15.36612287925072,91.03885804916732,88.71538432344086,23.711340206185568,23.526301876817342,23.341263547449117,22.91831879460745,12.61,telemed_644
IMG_00115.tif,1,2.0,23.50393593415571,23.515244495612315,25.015696872531144,25.02603130662434,26.544496286217743,26.552977221005754,1.7264273530910177,1.3113053723024168,0.3507236445289249,1.6466448289283744,15.0,14.966899944818463,14.515473026364154,14.966899944818463,15.56004249465994,87.12636286393236,87.12636286393236,83.29468337553315,15.0,-1.0,13.5,15.0,13.755622604997598,13.755622604997598,15.540070318269414,13.505949660876468,13.89089631103032,16.011507845828536,14.951202078429429,-2.120611534798217,14.10295746451014,91.27696490728474,91.12523646723886,97.92810547018448,0.6832735828340212,90.24583663758922,13.890896311050152,15.514937382476576,90.24583663758922,87.8911681886322,23.684906159132964,23.47343378271213,23.314829500396517,22.839016653449644,12.61,telemed_644
IMG_00116.tif,1,3.0,20.00999383574105,20.010060967132667,21.29230350911456,21.292723608990823,22.613387635793405,22.613632177392407,1.4864690522416515,1.117102158018089,-2.5696528123375804,0.3599142258092313,15.0,12.837132633737582,12.98660166858078,12.76753435907912,12.76753435907912,79.08781462004224,80.36342448355659,82.8694105559057,15.0,-1.0,11.5,15.0,12.517314086455144,12.419344277784887,15.17671597321032,14.351117829625252,12.930256058766028,14.160578907393832,13.54541748307993,-1.230322848627803,13.05328834362881,85.47933896259198,85.4210016611207,89.41070867169678,0.4971143952491791,80.41237113402062,12.930256058856733,14.700661331162957,80.41237113402062,78.83927100547544,20.116309807031456,19.98413957176844,19.878403383558023,19.746233148295005,12.61,telemed_644
IMG_00117.tif,1,3.0,20.0220084199253,20.022186595111062,21.280968812747314,21.28139069642484,22.620110777509822,22.62038422379103,1.48066374580852,1.117533882871454,-2.560402959957605,0.3607735640748722,15.0,12.874193656653889,13.031587555652134,12.84371365826965,12.84371365826965,78.6182852696577,81.4040504238102,82.06059001403133,15.0,-1.0,11.5,15.0,12.56168247380606,12.375663924302104,15.212837335313964,14.39137783739858,13.253559864058284,13.142356902593932,13.197958383326108,0.1112029614643516,13.24243956791185,87.68417935695776,87.68366444967145,87.32235628158413,0.4908508184363152,81.20539254559874,13.253559864144922,14.360801198753755,81.20539254559874,80.71534585789172,20.06344171292625,19.957705524715838,19.85196933650542,19.587628865979383,12.61,telemed_644
IMG_00118.tif,1,3.0,19.99554376982518,19.995620040459897,21.27222657618687,21.272865063072697,22.639280698700084,22.639740210015816,1.5272682895603171,1.116851879995605,-2.5825312017044206,0.4439169363762003,14.0,13.087206777587085,12.979120990365026,12.686740078505238,12.686740078505238,79.78980918149648,82.28592037969818,83.1531734745367,14.0,-1.0,11.5,14.0,12.528441735844808,13.84995978192569,15.172171108430348,14.437633633888224,12.923759391756176,14.18498834597188,13.554373868864028,-1.2612289542157058,13.049882287177743,85.36540074613012,85.30425735880424,89.39059397815137,0.4345050567681854,78.50911974623315,12.923759391866366,14.70982387030998,78.50911974623315,78.7346150165222,20.116309807031456,19.957705524715838,19.878403383558023,19.666931007137197,12.61,telemed_644
IMG_00119.tif,1,3.0,19.96779832316307,19.967816827805557,21.254839463390606,21.25552987271445,22.61621546528581,22.61666091729367,1.543746354609246,1.1050977348788698,-2.61910936640801,0.4618023746390696,14.0,12.42780294104675,12.626567054649728,12.30436571647661,11.697681015104962,80.82437983646179,81.52352995633957,86.24500466255532,14.0,-1.0,11.5,14.0,12.368977533892236,13.608347059121456,14.996212125921517,13.608347059121456,13.363216364553514,12.608336917512492,12.985776641033004,0.754879447041022,13.287728419849412,88.87086608574381,88.84601284962763,86.38034382459031,0.4975707478866434,79.14353687549564,13.36321636463824,14.106002804541063,79.14353687549564,81.91691310215022,20.089875759978856,19.904837430610627,19.878403383558023,19.587628865979383,12.61,telemed_644
IMG_00120.tif,1,3.0,19.893382628986306,19.89347208283589,21.169821380721952,21.170690027112595,22.49431440772015,22.494641104384275,1.482242545489276,1.118926476059111,-2.599789219671528,0.5190307856052261,12.0,12.44667055057215,12.725052732927564,12.122662197504525,11.732003831186518,81.39366120768173,82.04637392979163,78.68364112885322,12.0,-1.0,12.5,12.0,12.60142127738544,14.060029575300009,15.268157932432617,14.060029575300009,13.862715803182232,12.139673859726608,13.00119483145442,1.723041943455624,13.69041160883667,88.54271185121353,88.41388944278579,83.01711200066015,0.4920591978115119,77.87470261697067,13.862715803276522,14.147621543456502,77.87470261697067,81.37840426914131,20.01057361882104,19.85196933650542,19.825535289452816,19.587628865979383,12.61,telemed_644
IMG_00121.tif,1,3.0,24.41703447623792,24.42388890712224,25.65519643867688,25.65756234131435,26.9559413238314,26.956162244443725,1.1531348962868255,1.3791384410346594,-1.7564349042375174,0.7780933530409232,27.0,10.304438696901457,10.746103121986131,10.771123198729754,10.304438696901457,118.49684711239271,116.23632984821286,118.49684711239271,27.0,-1.0,9.5,27.0,10.799430128805623,10.121949179502622,10.29996384775518,8.811847133995855,11.883060347084928,9.6905471014462,10.786803724265564,2.192513245638727,11.663809022521054,130.95003802011843,130.50000426497851,118.61084453607764,0.7607064213289267,107.21649484536084,11.883060347115208,12.345987099577004,107.21649484536084,114.22861984782224,24.55722971186889,24.47792757071108,24.45149352365847,24.50436161776368,12.61,telemed_644
IMG_00122.tif,1,3.0,24.41067159985084,24.41763905286171,25.652176021131627,25.654536049144305,26.951720509263343,26.95193026247719,1.1556016249853645,1.3786895846301168,-1.7411211240708813,0.7771725558896865,28.0,10.306633022511974,10.717139480395788,10.351478259336062,10.351478259336062,119.7012163878741,118.72382399840605,118.72382399840605,28.0,-1.0,9.5,28.0,10.856564516976505,10.024433743758038,10.185030125782362,8.79940875339247,12.10708112972653,9.479830532572883,10.793455831149709,2.6272505971536466,11.844356070011166,131.03388788872147,130.38729059067714,116.41833878946989,0.7406096924313753,106.2648691514671,12.107081129757058,12.34629387280996,106.2648691514671,114.19671480926588,24.55722971186889,24.47792757071108,24.42505947660587,24.50436161776368,12.61,telemed_644
IMG_00123.tif,1,3.0,24.415207846285437,24.42224077979077,25.65917792896875,25.6615380888625,26.972156146755324,26.97236807946118,1.160240246833046,1.3898870528373588,-1.7495766023539403,0.777088228601366,28.0,10.242984426615864,10.716181353404869,10.417485218276395,10.321210548756994,120.3009581993078,118.74936591207047,118.74936591207047,28.0,-1.0,9.5,28.0,10.869571815455856,10.118585446323834,10.167654602145376,8.784368961228097,12.140640818659849,9.420487967454484,10.780564393057167,2.720152851205365,11.868625533539312,131.26217257299894,130.565949411383,116.12320990102428,0.7621546463016249,106.10626486915147,12.140640818691852,12.341437561828512,106.10626486915147,114.26247177611418,24.55722971186889,24.50436161776368,24.45149352365847,24.50436161776368,12.61,telemed_644
IMG_00124.tif,1,3.0,24.423581112869574,24.43075145935268,25.660532726096157,25.66294828475541,26.967371387168622,26.967601844654425,1.1549137762634,1.3819366090383447,-1.7687525326086488,0.7861339581244,27.0,10.142055947825526,10.717739443695868,10.810662088082523,10.28571679979629,116.86351079663064,116.86351079663064,118.1663653431338,27.0,-1.0,9.5,27.0,10.850153184769738,9.986693297560125,10.275951505827834,8.800524332429404,11.283013710838055,10.421662227782123,10.85233796931009,0.8613514830559296,11.19687856253246,129.8256789956083,129.757812732043,124.86549170446098,0.7622627318291169,106.89928628072958,11.283013710872696,12.435693479964415,106.89928628072958,113.44937076405031,24.55722971186889,24.53079566481628,24.45149352365847,24.50436161776368,12.61,telemed_644
IMG_00125.tif,1,3.0,24.41418600795929,24.421180697414663,25.65707795151097,25.65944214848639,26.96747864080001,26.96769044309469,1.1612952425244472,1.385214503155579,-1.7657590024442535,0.7777843286036416,26.0,10.306222166639586,10.74808798064193,10.82143002253656,10.283396780634064,117.913644324192,117.5651290882151,118.2621595601689,26.0,-1.0,9.5,26.0,10.828131692341287,10.335749222449865,10.29009845043879,8.821141568439486,11.428976591912653,10.36306386530764,10.896020228610146,1.0659127266050124,11.32238531925215,129.29593398830536,129.1932395196716,123.24331071908696,0.7638192010808127,106.89928628072958,11.428976591946912,12.461224804553526,106.89928628072958,113.17624856962206,24.55722971186889,24.50436161776368,24.45149352365847,24.50436161776368,12.61,telemed_644
IMG_00126.tif,1,3.0,19.96838558528812,19.96857714093484,21.04793637220202,21.048063883686964,22.14706000932295,22.147105131467143,0.984626373601514,1.1939016169307874,-3.4156496413799924,-0.1994373177099763,13.0,11.929915520967027,11.629437766838697,11.929915520967027,11.929915520967027,84.43899378495128,86.64161314801224,84.43899378495128,13.0,-1.0,10.5,13.0,11.246383889706408,12.347989421190846,12.238231526340542,13.55852203964821,11.09523457193768,13.043628217466576,12.069431394702129,-1.9483936455288933,11.29007393649057,95.66503172586334,95.45816282169756,103.7204645445347,0.5442221004257517,79.93655828707375,11.095234572019924,13.49761607722454,79.93655828707375,85.51663621938377,20.06344171292625,19.904837430610627,19.878403383558023,19.42902458366376,12.61,telemed_644
IMG_00127.tif,1,3.0,19.97201364717846,19.972227108410404,21.050955137817063,21.051084902389203,22.15403095296617,22.154078720954228,0.9919691160444886,1.189882496499332,-3.4246348896673298,-0.2011771639426109,13.0,11.429563336571109,11.532410965226031,11.429563336571109,12.017818963380932,86.15613459037463,86.15613459037463,84.65261465549779,13.0,-1.0,10.5,13.0,10.943396676456471,12.442165343668307,12.31674945520598,13.553088546846766,11.086069964718428,12.841682455266154,11.963876209992293,-1.7556124905477264,11.2616312137732,96.47708877161364,96.30473505953208,103.82324576012256,0.5217803155957439,80.253766851705,11.086069964798485,13.394277702387209,80.253766851705,86.17923828144797,20.06344171292625,19.93127147766323,19.878403383558023,19.42902458366376,12.61,telemed_644
IMG_00128.tif,1,3.0,19.96718723166213,19.96740675395359,21.052847024006358,21.05300314872904,22.162885778563936,22.162970733807157,1.0072039118290463,1.1883600680245128,-3.414376508224934,-0.2206564927293453,12.0,11.258722317960276,11.520764000841195,11.5223126225859,12.078273761305098,88.54404305653176,85.85143192532993,84.94308998256139,12.0,-1.0,10.5,12.0,10.363177294612967,12.467702892581826,12.36229799943078,13.532188118862678,10.823212779945482,13.11148242036202,11.96734760015375,-2.288269640416539,11.052039743987136,96.54690524191508,96.25376077996869,106.28768639293668,0.4636332801809329,80.72957969865186,10.823212780033654,13.398189559820915,80.72957969865186,86.13355563703604,20.06344171292625,19.93127147766323,19.878403383558023,19.42902458366376,12.61,telemed_644
IMG_00129.tif,1,3.0,19.95461443963822,19.954862585023548,21.04444303611681,21.044625738159432,22.151612158891236,22.151711129149867,1.0065826105631686,1.1902659335631502,-3.409303375716685,-0.2387476153986335,13.0,11.47126357597071,11.59019046466015,11.47126357597071,12.143611934261344,85.42378941341194,85.42378941341194,85.08539781215802,13.0,-1.0,10.5,13.0,11.046422134089426,12.492057688683984,12.431411450289032,13.553153321862736,11.215637528443647,12.782472591172263,11.999055059807954,-1.5668350627286172,11.372321034716508,96.07847466811836,95.94260846716082,102.54925281851622,0.5234115488894646,79.93655828707375,11.215637528522482,13.416938380922083,79.93655828707375,85.96117535529716,20.06344171292625,19.904837430610627,19.878403383558023,19.42902458366376,12.61,telemed_644
IMG_00130.tif,1,3.0,19.94821942169103,19.948470771943988,21.04033587152832,21.040538557092127,22.15048391341353,22.15059798896248,1.0110402681232789,1.191086948895208,-3.3820735820929437,-0.25149013939866,12.0,11.24001341829549,11.541126038427045,11.505031845765757,12.179389309457264,88.63091235567252,85.42088390132696,85.31000780025467,12.0,-1.0,10.5,12.0,11.113476124780732,12.472982259204002,12.423598157123308,13.496192182980849,10.914660358386588,12.954488395052184,11.934574376719386,-2.039828036665597,11.118643162053148,96.6564232317083,96.42203899953915,105.30713960121112,0.4674008394011593,80.72957969865186,10.914660358473306,13.359695464654957,80.72957969865186,86.29469480159084,20.06344171292625,19.904837430610627,19.878403383558023,19.42902458366376,12.61,telemed_644
IMG_00131.tif,1,2.0,27.95181628757246,27.952598606530334,28.96746329409428,28.968953964925465,30.05434711504943,30.05540768282829,1.0494931008454569,1.053315975452495,-2.888727960405074,0.581251333814521,15.0,12.179764856669864,12.75729648429855,13.105026948046316,13.105026948046316,115.98848373707018,115.98848373707018,115.98848373707018,15.0,-1.0,12.5,15.0,15.171893587739676,12.194702455098536,13.071466035995345,,17.739797132431256,8.992666553022202,13.366231842726728,8.747130579409053,16.865084074490348,125.46837887149174,120.88803173629842,91.718811237851,0.5666385232136704,91.67327517842982,17.7397971325503,15.01746023984117,91.67327517842982,107.85330571962427,27.86148559344436,27.86148559344436,27.96722178165477,27.99365582870737,12.61,telemed_644
IMG_00132.tif,1,2.0,27.953078989124467,27.95386409415997,28.97058144640965,28.972087404212477,30.0649146096011,30.065994816126807,1.0531235253422844,1.059007196624549,-2.8856297789532284,0.584192557192678,14.0,12.580579754856004,12.824164263169411,13.124536737277907,13.124536737277907,112.84043096633664,115.86638287994224,115.86638287994224,14.0,-1.0,12.5,14.0,15.156857799909602,12.14403579904416,13.13480918126811,,17.66070840789611,9.14188408528371,13.401296246589908,8.518824322612398,16.808825975634868,124.87634442963495,120.58293616134496,92.12052683092864,0.5669928590859009,91.35606661379856,17.660708408016504,15.053684585728028,91.35606661379856,107.60460655075283,27.887919640496964,27.887919640496964,27.96722178165477,27.99365582870737,12.61,telemed_644
IMG_00133.tif,1,2.0,27.95509092349429,27.955871320151694,28.97733231333901,28.97875820217608,30.07028357415812,30.071326037030488,1.059162789621665,1.0562919272571278,-2.898100548721138,0.5683846752342464,13.0,13.022095477216368,12.867150941626583,13.104006639318754,13.104006639318754,115.87849197825868,115.87849197825868,115.87849197825868,13.0,-1.0,12.5,13.0,15.320929663425488,12.133251312592847,13.136478120878223,,17.83456007315413,9.144063153315775,13.489311613234952,8.690496919838354,16.965510381170294,124.20896027582438,119.81939336961342,91.25799781670628,0.5643014707982743,89.77002379064236,17.834560073277977,15.136183341148628,89.77002379064236,107.0395640538164,27.887919640496964,27.887919640496964,27.96722178165477,27.99365582870737,12.61,telemed_644
IMG_00134.tif,1,2.0,27.965597596949337,27.966392982187685,28.976426570151705,28.977915009912167,30.055060526160958,30.056126094147505,1.0379902742214542,1.0517428377383644,-2.8803806336495708,0.5807263782978284,13.0,13.035234671407238,12.92784586745868,13.095839249011163,13.095839249011163,116.1201378863962,116.1201378863962,116.1201378863962,13.0,-1.0,12.5,13.0,15.422319154379664,12.257342474690972,13.110814879574036,,18.179571864554447,8.926657357004254,13.553114610779351,9.252914507550194,17.254280413799428,124.26051848944726,119.3107957477457,89.61675960826838,0.5654404253206511,88.97700237906425,18.179571864673548,15.201879513968994,88.97700237906425,106.62801929758945,27.887919640496964,27.887919640496964,27.96722178165477,27.99365582870737,12.61,telemed_644
IMG_00135.tif,1,2.0,27.97604614507833,27.976794983729057,28.99336800002846,28.994592511083493,30.06154090551276,30.06272506053277,1.0409333873648392,1.0449966894388756,-2.8797546966922405,0.5265771493198166,14.0,12.65639172842755,12.847359309161924,13.089103439006834,13.089103439006834,117.50018108312352,116.34082066662158,116.34082066662158,14.0,-1.0,12.5,14.0,15.424452458446469,12.265180401413318,13.035529460290036,,18.38514034416008,8.646096404762863,13.515618374461472,9.739043939397217,17.41123595022036,125.26029059628034,119.67949470729606,88.68130665182402,0.5654877288792228,88.81839809674861,18.385140344277623,15.16522762988558,88.81839809674861,106.91885896213108,27.887919640496964,27.887919640496964,27.96722178165477,27.99365582870737,12.61,telemed_644
IMG_00136.tif,1,2.0,24.928164825191708,24.92839707319078,26.198682849468412,26.198808461315128,27.496475867914565,27.49657913054817,1.4020651108159716,1.166116946541418,-4.001751920496766,0.1774239869364534,19.0,13.537708349757338,14.525231614571473,14.06809618632812,15.407232922948197,92.90934050998167,89.2851456261077,89.2851456261077,19.0,-1.0,13.5,19.0,15.64463689126319,17.739919739673752,14.096443850280338,17.739919739673752,17.38724205625939,11.608038507642592,14.49764028195099,5.779203548616794,16.809321701397707,100.86346719610358,99.5254725199275,83.37637136773127,0.6357493637182505,74.38540840602697,17.387242056327242,16.608004558083724,74.38540840602697,87.17033048296915,24.980174464710547,24.874438276500136,24.900872323552736,24.742268041237114,12.61,telemed_644
IMG_00137.tif,1,2.0,24.935022060357426,24.935249166922524,26.213584283098907,26.2137201833654,27.52113007015289,27.52124827756878,1.39669887045544,1.1893002401908206,-4.080763366127401,0.1844945928433477,18.0,13.33731854494134,14.496225612960783,15.34902077576848,15.34902077576848,96.3655547024052,89.88660645401444,89.88660645401444,18.0,-1.0,13.5,18.0,15.82891675879074,17.76037649005744,14.18574324618433,17.76037649005744,17.606599615580336,11.523553610862056,14.565076613221196,6.08304600471828,16.998295015108507,100.56756756466824,99.10173053079755,82.39247694349315,0.6360539030367902,74.06819984139572,17.606599615652335,16.67393004546878,74.06819984139572,86.85920881829956,24.980174464710547,24.874438276500136,24.900872323552736,24.742268041237114,12.61,telemed_644
IMG_00138.tif,1,2.0,24.92194028558869,24.922138534459396,26.217322391397698,26.217445754340943,27.527518710188748,27.527613992080163,1.4009379494847916,1.2045375081359777,-4.127554567560753,0.1757660418158868,19.0,13.332850797319509,14.45558708944729,15.367261862717273,15.367261862717273,92.368969645746,90.28446176872252,90.28446176872252,19.0,-1.0,13.5,19.0,15.863446147407188,17.69867609026676,14.140540107812342,17.69867609026676,17.341731007586123,11.729562594264038,14.53564680092508,5.612168413322084,16.780514166253916,100.49443302556531,99.2447727098122,83.56649373140381,0.638123541563348,74.22680412371135,17.341731007651994,16.64719714606237,74.22680412371135,86.94806588242932,25.00660851176315,24.874438276500136,24.874438276500136,24.742268041237114,12.61,telemed_644
IMG_00139.tif,1,2.0,24.92403152102684,24.924280347345285,26.217583859965085,26.21766192298519,27.54054765870445,27.54057736272009,1.3996229877744897,1.2166740276003116,-4.156353299706961,0.1398181119058826,17.0,13.128674385460386,14.449442200571976,15.343627095222814,15.343627095222814,92.36194323346714,90.25434596785912,90.25434596785912,17.0,-1.0,13.5,17.0,16.462452465051854,17.69691188635983,14.162094001875404,17.69691188635983,17.426462528974078,11.719893737550382,14.57317813326223,5.706568791423696,16.85580564983171,100.28704748686208,99.0039773268106,83.18048850949461,0.6408913050988341,74.06819984139572,17.42646252904821,16.69852915625741,74.06819984139572,86.69648806136937,24.980174464710547,24.874438276500136,24.84800422944753,24.742268041237114,12.61,telemed_644
IMG_00140.tif,1,2.0,24.928340834024517,24.928649906233357,26.22437913165153,26.224479181271587,27.53294263970249,27.532989989766925,1.3828597120421993,1.221480371491377,-4.185960938047756,0.1582676136872544,18.0,13.006019468551628,14.459994456072788,15.32454886944953,15.32454886944953,95.88476892364837,90.19495986399762,90.19495986399762,18.0,-1.0,13.5,18.0,16.56006669563513,17.628087275349458,14.132840316153676,17.628087275349458,17.383276316891955,11.827379592073694,14.605327954482824,5.55589672481826,16.82768664441013,100.01576685784794,98.80896310053144,83.39608892837943,0.6414074977582842,73.9095955590801,17.383276316965308,16.74440301371038,73.9095955590801,86.48166497122729,24.980174464710547,24.874438276500136,24.874438276500136,24.742268041237114,12.61,telemed_644
IMG_00141.tif,1,2.0,28.24679932822472,28.257121237038955,29.924719513678504,29.930063242679275,31.57583783576385,31.577662443009853,1.665546099721704,1.6549951062491906,-1.204367450986816,1.0827108464619295,27.0,11.891528267823958,11.761913881371534,12.035622097044296,12.035622097044296,126.3549902935274,125.18545100009814,125.18545100009814,27.0,-1.0,11.5,27.0,14.726379228687165,13.92277455606768,11.229787924830587,16.283327969345038,18.11584682652646,7.576594574635345,12.846220700580904,10.539252251891115,17.06192160133735,134.9835902947512,127.08840626527969,90.87371786941692,0.6878859196346119,102.61697065820778,18.11584682655136,13.935080997808807,102.61697065820778,117.33218112955214,28.152260111023,28.09939201691779,28.1786941580756,28.469468675654245,12.61,telemed_644
IMG_00142.tif,1,2.0,28.25268462607195,28.262867341038277,29.93475932751865,29.940031084030373,31.587787475815468,31.589616800944235,1.668275261680802,1.6584741982251592,-1.2141927221435604,1.0752155856648389,29.0,11.872751859872295,11.81237979813512,12.071551103038388,13.146740643275962,127.06208030138882,124.94921313196244,110.37497188968298,29.0,-1.0,11.5,29.0,14.718022368164467,13.942872256165344,11.018271137107035,16.355434787355705,18.250248454753883,7.445012593943399,12.847630524348642,10.805235860810484,17.169724868672837,135.44866283648344,127.10078652599022,90.24555420816412,0.6877874507924187,102.14115781126092,18.25024845477775,13.940176500510656,102.14115781126092,117.3142249689145,28.152260111023,28.1258260639704,28.152260111023,28.469468675654245,12.61,telemed_644
IMG_00143.tif,1,2.0,28.300825686969308,28.310995951691154,29.974485893223395,29.979655272447825,31.62416626849467,31.625979219636925,1.6706545684864225,1.6443286994593451,-1.231890614344744,1.064019898918196,27.0,11.87094601061085,11.797023112831278,12.081129963043963,12.691129880085896,127.73122407732576,125.40413685487415,114.16636635427342,27.0,-1.0,11.5,27.0,14.62840494437583,13.86555160608168,11.205563039203868,16.290421170192616,17.87853336419563,7.502356455654785,12.690444909925208,10.376176908540844,16.840915673341545,136.81531111121942,128.86848040592946,92.21587700310477,0.6879445165342344,103.25138778747026,17.878533364220722,13.81894447632848,103.25138778747026,118.52519159891388,28.25799629923341,28.152260111023,28.23156225218081,28.469468675654245,12.61,telemed_644
IMG_00144.tif,1,2.0,28.31886172544553,28.32892083891123,29.991217932360364,29.996298429967627,31.639895374461823,31.64166897106649,1.6729095144070645,1.6398386177481925,-1.2158488652439805,1.054539988309956,28.0,11.668382940505992,11.839474939049063,12.087497411874182,12.694473486967382,129.20416059875134,125.59611295531424,114.47790049321516,28.0,-1.0,11.5,28.0,14.545829259898795,13.841578921714472,11.984177502189368,16.201313513816473,18.213698356827724,7.356512375686485,12.785105366257104,10.85718598114124,17.1279797587136,136.60496194909712,128.01132317340364,90.63245605323525,0.6866349999344851,103.09278350515464,18.21369835685354,13.921992880925654,103.09278350515464,117.73977555064442,28.25799629923341,28.1786941580756,28.28443034628602,28.469468675654245,12.61,telemed_644
IMG_00145.tif,1,2.0,28.330468472156173,28.34024787064387,29.990989246550768,29.995950781771374,31.6466159990654,31.64836511554425,1.6745233418162666,1.6335939030841211,-1.2256269944258438,1.0421262606189587,28.0,11.31583621917845,11.721837838271732,12.0930668005621,12.7754680225853,132.8913965460334,125.76281285382868,113.86602663005064,28.0,-1.0,11.5,28.0,13.891671283028812,13.891671283028812,11.711960360953412,16.211832709653464,18.26683190024591,7.301974330497239,12.784403115371576,10.964857569748672,17.170346143271043,136.8619771104163,128.06952536324704,90.4139914024116,0.6853045228815393,103.40999206978589,18.2668319002727,13.906290467065512,103.40999206978589,117.91731915214834,28.25799629923341,28.205128205128208,28.337298440391223,28.548770816812056,12.61,telemed_644
IMG_00146.tif,1,3.0,19.11357032028989,19.1486594427576,20.23115529080044,20.264356604648786,21.37373382917601,21.40736548933852,1.1211953053730266,1.1375107412079002,-0.1885825696033403,3.280259254185914,15.0,11.271720879270587,11.006861617619409,11.271720879270587,10.302610607661052,92.05412608773354,92.05412608773354,94.02551617559531,15.0,-1.0,10.5,15.0,12.013334715051428,11.763290933549,10.386579736304384,12.624557548388452,12.697388782822197,9.455173884712476,11.076281333767335,3.2422148981097187,12.373167293011225,100.3467335939328,99.62956584790788,87.0803202241619,0.7689883033091223,78.67746288798921,12.697388782878344,12.86315490240528,78.67746288798921,85.97667978368557,19.18578497525866,19.14080071974809,19.02834008097166,18.82591093117409,14.82,left_ticks_800
IMG_00147.tif,1,3.0,19.141639977808037,19.178445653452428,20.249891980701147,20.28355652467048,21.386394932403725,21.417503181905893,1.1633208622638411,1.0757366661896235,-0.0706383853641221,3.301505533312653,14.0,10.72412703124209,11.187056863700104,11.524912857847768,11.524912857847768,90.47023418456924,87.9035850456459,92.85716427579324,14.0,-1.0,10.5,14.0,12.738055344578186,11.524329142655231,10.229860773592122,,13.880069353287109,8.837726428452434,11.358897890869772,5.042342924834674,13.375835060803642,98.97041097722654,97.33154266816231,79.91085619986517,0.6655669097956798,73.41430499325236,13.880069353367755,13.193054226765568,73.41430499325236,83.99248583035678,19.208277103013945,19.14080071974809,19.02834008097166,18.82591093117409,14.82,left_ticks_800
IMG_00148.tif,1,3.0,19.135623466226985,19.17157757478419,20.260144639298264,20.293366205704352,21.3999870041502,21.430839234526093,1.1406909603848585,1.1185706993570428,-0.3221281739737351,3.2789130632429706,13.0,10.643412146985751,10.741248753742012,10.643412146985751,11.95020380471408,94.67205976805376,94.67205976805376,85.75479304818279,13.0,-1.0,9.5,13.0,11.637488069256849,11.637488069256849,9.970637634633874,,13.403123668045364,8.544306180738431,10.973714924391896,4.858817487306932,12.91724191931467,102.35818812747806,100.6713479831608,82.67292364492056,0.6472175872236672,75.16869095816465,13.403123668134354,12.83666356754765,75.16869095816465,86.25579437040066,19.16329284750337,19.14080071974809,19.02834008097166,18.69095816464237,14.82,left_ticks_800
IMG_00149.tif,1,3.0,19.10851886031177,19.1417400607456,20.245976412934777,20.27688145905533,21.433926753026885,21.464849238864826,1.0990374477913727,1.224071730327852,-0.4957080482804207,3.163784714398943,11.0,9.952542151920994,10.877644820853591,10.708837985025298,9.952542151920994,94.46281365781496,85.1912524171479,94.46281365781496,11.0,-1.0,9.5,11.0,12.169464949728308,10.794190884091506,9.798480337346293,,14.207847389948572,8.186674335347838,11.197260862648204,6.021173054600735,13.6057300844885,101.011485342483,98.54050342114864,77.96331866346758,0.541243243994479,73.95411605937922,14.207847390035132,13.090496650386244,73.95411605937922,84.48651214611057,19.208277103013945,19.18578497525866,18.98335582546109,18.69095816464237,14.82,left_ticks_800
IMG_00150.tif,1,3.0,19.054234410623184,19.08570198201883,20.11760168477016,20.147035301337816,21.259329029540563,21.29061276652409,1.0650939942668949,1.1398167902383676,-0.6645415047537625,3.097467497485122,12.0,10.341915344643382,10.711508295197987,10.518412988545265,10.518412988545265,92.26952215252923,89.01334365486613,89.01334365486613,12.0,-1.0,10.5,12.0,11.852426932225114,11.018234394265503,10.057149715283856,,13.543412662958763,8.823939610124809,11.183676136541786,4.719473052833955,13.071465357675368,99.86716359244264,98.37439418320103,81.47589368432716,0.5337524699575918,73.6842105263158,13.543412663148368,13.0975124126751,73.6842105263158,84.1987323228781,19.23076923076923,19.16329284750337,18.93837156995052,18.62348178137652,14.82,left_ticks_800
IMG_00151.tif,1,3.0,16.768382662193304,16.775554983684817,18.14277035038472,18.14886913686173,19.56178099831353,19.566692017822056,1.2316601314628923,1.5594769026743456,3.232625074958493,1.4854112969387407,18.0,12.645362687593618,12.534768949776018,12.47161004040774,13.652359305333562,80.78825205600099,82.69991208627872,77.23334177629705,18.0,-1.0,11.5,18.0,14.128853652791406,14.866573654660584,11.913431981728536,14.128853652791406,16.959621101716515,9.034969221379557,12.997295161548037,7.924651880336959,16.16715591368282,76.93927793488007,74.51015580526695,57.44889935005944,0.8566256069437093,80.29689608636977,16.959621101654243,12.02985899352964,80.29689608636977,80.40301888818144,17.07152496626181,16.91408007197481,16.621682411156097,16.39676113360324,14.82,left_ticks_800
IMG_00152.tif,1,3.0,16.768525039039705,16.77566432873234,18.146918890511675,18.152938212209957,19.567267951596275,19.572095718379245,1.2335400660126103,1.5628913236342947,3.229481332113913,1.4755364562223747,18.0,12.564018925602907,12.552277649379477,12.438658406088194,13.63798977725,80.81269463960032,82.59248270178242,77.2733917242524,18.0,-1.0,11.5,18.0,14.134046976595556,14.833729685892678,11.926739408386652,14.134046976595556,16.562704806389547,9.676699077541947,13.119701941965747,6.886005728847598,15.874104233504786,75.58305555352025,73.82728359656949,58.78590471070489,0.8575760815077155,80.29689608636977,16.562704806340733,12.145085528495883,80.29689608636977,79.65179887956083,17.049032838506523,16.91408007197481,16.621682411156097,16.39676113360324,14.82,left_ticks_800
IMG_00153.tif,1,3.0,16.768569422236308,16.77573849663117,18.14507999921264,18.15107773107396,19.56298896696958,19.56777630105461,1.2314342654028891,1.5606035390205557,3.2366623507625585,1.472963226227516,18.0,12.469273597090677,12.531796648728694,12.379140778627232,13.54195494101603,81.17023006954948,85.37367761967849,77.21783337877059,18.0,-1.0,11.5,18.0,14.15965421434862,14.795053883287837,11.948740151674883,14.15965421434862,17.03754644581948,9.49120465908201,13.264375552450744,7.546341786737468,16.282912267145733,75.09205468995987,73.0358004452537,57.19374284637535,0.8573160998523123,79.89203778677462,17.03754644578196,12.28003665600268,79.89203778677462,78.78919893671768,17.07152496626181,16.91408007197481,16.59919028340081,16.39676113360324,14.82,left_ticks_800
IMG_00154.tif,1,3.0,16.76655449304829,16.77374645987,18.13968817013012,18.145844396996697,19.556431071184356,19.56142175909875,1.2250791073288538,1.56259619189989,3.2396277942584755,1.4925147303968629,18.0,12.570420729442064,12.5537499670368,12.4452506067353,13.577338833585458,80.88824014023851,84.99858064667352,77.22788989918534,18.0,-1.0,11.5,18.0,14.166857445796296,14.816135071184078,11.964783565009498,14.166857445796296,16.545633094381614,9.710782395066769,13.128207744724191,6.834850699314846,15.86214802445013,75.49550472599243,73.77052965085599,58.83707717510927,0.8569451504243698,80.43184885290148,16.54563309433266,12.137664687133784,80.43184885290148,79.6892224838151,17.07152496626181,16.91408007197481,16.59919028340081,16.39676113360324,14.82,left_ticks_800
IMG_00155.tif,1,3.0,16.766185047805607,16.773359260851272,18.139573654336157,18.145676092932508,19.555726890791867,19.56068500374636,1.2250700264261678,1.562255716468919,3.238042510828408,1.4859867401950464,17.0,12.48615111268441,12.533554492986244,12.187092954174318,13.74664334633195,82.91796671779002,85.50032578173594,77.25072262442423,17.0,-1.0,11.5,17.0,14.148069417216249,14.890892230243708,11.950391808651943,14.148069417216249,16.667529397339024,9.448923636267017,13.05822651680302,7.21860576107201,15.945668821231823,76.12391500978596,74.1578911645406,58.41801486605487,0.8571688409974372,80.56680161943319,16.66752939727584,12.07640772838996,80.56680161943319,80.08624465718397,17.07152496626181,16.91408007197481,16.59919028340081,16.39676113360324,14.82,left_ticks_800
IMG_00156.tif,1,3.0,18.758505057473958,18.79116746578638,19.843350633157456,19.875253027854654,20.961034966657152,20.99159948463577,1.018467123333135,1.181964895516253,0.0185928201487746,3.2467664363075226,8.0,11.909822628864305,12.189527177664983,12.219320189646794,12.219320189646794,86.96408535046479,82.70869432148098,82.70869432148098,8.0,-1.0,11.5,8.0,14.401643809977145,14.401643809977145,11.746850972288712,14.401643809977145,15.223569422407053,10.4415933039448,12.832581363175926,4.781976118462254,14.745371810560828,85.55779297695837,84.56519650722808,71.52770175394568,0.6153054529879802,65.1821862348178,15.223569422479912,14.439364787626516,65.1821862348178,75.32297569529774,18.82591093117409,18.75843454790823,18.55600539811066,18.21862348178137,14.82,left_ticks_800
IMG_00157.tif,1,3.0,18.76174853633835,18.79418292999032,19.83930438173605,19.87093830401964,20.94703705902248,20.97741534615727,1.0158416778377937,1.1673907383291533,0.0093267935842968,3.233423545986249,9.0,11.66182945087661,12.239850917783384,12.29762627537491,12.29762627537491,90.5964557047806,82.12203119123495,82.12203119123495,9.0,-1.0,11.5,9.0,14.6251999424762,14.6251999424762,11.834325000024876,14.6251999424762,15.444590366883954,10.445118969514692,12.944854668199325,4.999471397369262,14.944643227147028,84.91627478726254,83.85745612441637,70.53971280617371,0.6794279272368962,65.58704453441295,15.444590366952712,14.537242548757156,65.58704453441295,74.83856791265012,18.84840305892937,18.75843454790823,18.55600539811066,18.21862348178137,14.82,left_ticks_800
IMG_00158.tif,1,3.0,18.761171814658248,18.79338822916545,19.836901355479903,19.868251725528268,20.944208458736224,20.974291399204088,1.0142107876687425,1.1666923823698985,-0.0211485388136323,3.2191132984602358,9.0,11.676831603194614,12.288197915625354,12.224512846031018,12.224512846031018,90.63935718824492,82.64995852720828,82.64995852720828,9.0,-1.0,11.5,9.0,14.861375823556386,14.861375823556386,11.82787197384414,14.861375823556386,15.727603958416069,10.209872493106642,12.968738225761356,5.517731465309426,15.175830811885126,84.99249434881015,83.70353891229799,69.29980153773143,0.678532650028689,64.64237516869096,15.727603958484824,14.58145927936387,64.64237516869096,74.61463446230592,18.87089518668466,18.75843454790823,18.578497525865945,18.286099865047238,14.82,left_ticks_800
IMG_00159.tif,1,3.0,18.75980606702308,18.791920893237524,19.83313716727584,19.8645100562033,20.939822521386816,20.96998171383532,1.011132335122703,1.1669284854750868,-0.0400009027627057,3.2205728848692594,9.0,11.76395529560054,12.35304671061921,12.136757540001298,12.136757540001298,89.90208559005052,83.10247862765459,83.10247862765459,9.0,-1.0,11.5,9.0,14.99849781299264,14.99849781299264,11.928703222658667,14.99849781299264,15.665678914302129,10.673499173978866,13.169589044140498,4.992179740323262,15.166460940269804,83.44446662070123,82.44280442246051,69.56159504246041,0.676395514354243,64.1025641025641,15.665678914375691,14.782299970171287,64.1025641025641,73.61746802511311,18.84840305892937,18.73594242015295,18.55600539811066,18.21862348178137,14.82,left_ticks_800
IMG_00160.tif,1,3.0,18.75499097761546,18.78701599606417,19.842341034918864,19.873469426038668,20.96267921455504,20.99241656639764,1.0235583446562808,1.1818422256771912,-0.0703232406672289,3.207272242545087,9.0,11.686491188754218,12.287574936221397,12.138068016811673,12.138068016811673,90.21855540402504,82.88749217089833,82.88749217089833,9.0,-1.0,11.5,9.0,14.873413398413163,14.873413398413163,11.88144999730389,14.873413398413163,15.708980580400182,10.322605249719771,13.015792915059976,5.38637533068041,15.17034304733214,84.59096022791371,83.3781728774234,69.35663062297245,0.6774686426622956,64.23751686909581,15.7089805804683,14.626433517802786,64.23751686909581,74.36525328501756,18.84840305892937,18.73594242015295,18.55600539811066,18.21862348178137,14.82,left_ticks_800
IMG_00161.tif,1,3.0,16.550867550957836,16.557580355150098,17.900534165133678,17.907220516472496,19.27846926694536,19.28554149350212,1.268126493360623,1.4598346449914017,4.059367850928084,1.5657832766357722,12.0,12.721838157147277,12.747732406728174,12.434770029246806,12.434770029246806,88.18194132047707,86.38270742224374,88.08172940074476,12.0,-1.0,12.5,12.0,13.69223126001384,14.014275626058264,12.145343501856132,13.69223126001384,16.134553569683984,9.07066620548968,12.602609887586832,7.063887364194302,15.428164833264551,77.87268263269772,75.80257473798072,59.516174114453975,0.566290482765355,86.23481781376518,16.13455356957529,11.53342450144794,86.23481781376518,82.72094499239492,16.71165092217724,16.531713900134953,16.374269005847953,16.194331983805668,14.82,left_ticks_800
IMG_00162.tif,1,3.0,16.54040506235506,16.547366433188863,17.899937979769962,17.906660754852776,19.28201198061948,19.28900457188241,1.2760105581799466,1.4656275805136023,4.057893449191628,1.570067075628834,11.0,12.488291260574895,12.688437461043115,12.429313414491103,12.429313414491103,88.32146560939412,86.2521865830245,87.60695010812434,11.0,-1.0,12.5,11.0,13.678704831644724,12.933694341711885,12.131230766752369,13.678704831644724,16.012229671951598,9.015710996185428,12.513970334068514,6.99651867576617,15.312577804374982,78.35556035151838,76.28312164174893,59.92131837421677,0.5084752502239898,86.3697705802969,16.01222967189501,11.465074079536828,86.3697705802969,83.15541192468098,16.71165092217724,16.531713900134953,16.374269005847953,16.194331983805668,14.82,left_ticks_800
IMG_00163.tif,1,3.0,16.54109216786962,16.548057001468003,17.898326240966384,17.905030458940097,19.27274713982556,19.279797129936554,1.2713845948765656,1.4603555335919824,4.049079449039513,1.5679698707575385,12.0,12.532556498127704,12.693486492769232,12.411458210545987,12.411458210545987,87.80540909470129,86.32802605033531,87.59250049140043,12.0,-1.0,12.5,12.0,13.665953690600986,12.971270162341398,12.11984384183438,13.665953690600986,16.120656721871164,8.933920924027676,12.52728882294942,7.186735797843486,15.401983142086811,78.3921603575498,76.20655713896294,59.53140651935266,0.5083417818293976,86.23481781376518,16.120656721814687,11.479754755259917,86.23481781376518,83.05402765007751,16.71165092217724,16.531713900134953,16.374269005847953,16.194331983805668,14.82,left_ticks_800
IMG_00164.tif,1,3.0,16.55706327651343,16.563743345825415,17.900107555749134,17.906706175302713,19.265628193049466,19.272568470020182,1.261074329249266,1.4477507949455046,4.057543570024251,1.5554987221628616,12.0,12.540492508307892,12.703146326030422,12.426633931930697,12.426633931930697,88.23533776868008,86.47683660663996,87.70968058304798,12.0,-1.0,12.5,12.0,13.66404099505803,13.017406500569166,12.138863929234958,13.66404099505803,16.094923683256027,8.98287179299373,12.53889773812488,7.112051890262299,15.3837184942298,78.34398773756092,76.21001980889956,59.68114444858024,0.5073232614018912,86.3697705802969,16.094923683197756,11.467653162058513,86.3697705802969,83.22009094911597,16.71165092217724,16.55420602789024,16.374269005847953,16.194331983805668,14.82,left_ticks_800
IMG_00165.tif,1,3.0,16.575257866741538,16.581382891081958,17.914077588356857,17.9202075243708,19.267739830592152,19.274512284308766,1.2420940265859493,1.4510353666408613,4.06878329383524,1.4986715541357525,13.0,12.58221280857842,12.732558383177144,12.44882611755719,12.44882611755719,88.69348050597553,86.83815247118822,88.21929501881405,13.0,-1.0,12.5,13.0,13.675889646229734,14.114210410645654,12.1423942508477,13.675889646229734,16.19053252682405,8.976944024787045,12.583738275805548,7.213588502037006,15.46917367662035,78.20284614806876,76.02608829968952,59.40312922667573,0.5667963837770345,86.90958164642375,16.190532526707457,11.481252458572104,86.90958164642375,83.2139883552225,16.734143049932523,16.576698155645524,16.39676113360324,16.194331983805668,14.82,left_ticks_800
IMG_00166.tif,1,2.0,22.267975233667592,22.38706883331021,23.803338289303195,23.914782245456838,25.378777704369465,25.490247388665097,1.517039770649632,1.5861387847052577,1.9427482186462857,5.533519849112332,20.0,11.981321041333018,12.006183001586315,11.946362041123564,13.332674584858694,87.6957771609616,90.64648506118874,82.8749374516318,20.0,-1.0,10.5,20.0,14.008102899359898,15.5363689681395,9.483286747063516,15.5363689681395,18.958523786157592,7.04774567248509,13.00313472932134,11.9107781136725,17.76744597479034,107.13449171487338,99.22057663169564,68.7171093053064,0.7447647041202917,72.19973009446693,18.9585237861956,14.650329044577928,72.19973009446693,88.26950852126697,22.53711201079622,22.22222222222222,22.33468286099865,22.13225371120108,14.82,left_ticks_800
IMG_00167.tif,1,2.0,22.235437269847083,22.35428861930273,23.78400774623886,23.892790888116192,25.349958459558746,25.45410944443984,1.520131608565137,1.579689216571969,1.7730009213025109,5.469528672257626,21.0,12.083285241596656,11.777629431997404,11.852085497805632,11.852085497805632,85.43304190252523,89.79057305747855,89.79057305747855,21.0,-1.0,9.5,21.0,14.257989891794978,15.559137249715748,9.427884223754576,15.559137249715748,18.804982547721067,7.405914440697775,13.10544849420942,11.399068107023291,17.66507573701874,105.28078780565389,98.3157565380887,69.15662413200569,0.7938403818672255,72.06477732793522,18.80498254775221,14.755345783862872,72.06477732793522,87.52723047083501,22.492127755285647,22.15474583895636,22.267206477732792,22.06477732793522,14.82,left_ticks_800
IMG_00168.tif,1,2.0,22.15586753459524,22.27391345899941,23.71428174519753,23.82451833695693,25.26471719954872,25.372748195441453,1.4974779132603588,1.601356823181691,1.8013122279073457,5.513864052780339,21.0,12.413628807959329,11.951355283993076,12.238598414654092,11.981634944362582,88.0755810018922,88.0755810018922,88.0755810018922,21.0,-1.0,10.5,21.0,14.364328253454346,15.906616864713811,10.518555943400656,18.152887687771734,18.90974945946275,8.237587156781201,13.573668308121974,10.672162302681548,17.842533229194594,99.97243533942824,94.62971364734872,68.53020283798637,0.7921775233403008,71.65991902834008,18.909749459489653,15.105094193523357,71.65991902834008,85.22632786857532,22.357174988753936,22.109761583445795,22.22222222222222,21.99730094466937,14.82,left_ticks_800
IMG_00169.tif,1,2.0,22.114672687321743,22.231091992554223,23.679533010136133,23.78748663646461,25.26144516034171,25.367590938329094,1.5197622243428155,1.6167367214320592,1.5312733501968494,5.460675268855849,22.0,12.107920776757794,11.434735018422188,12.020005276773077,8.58320694840225,91.05474869201488,92.45753391899564,123.72956686798426,22.0,-1.0,9.5,22.0,13.949787335183146,15.692117092860173,9.547822563353066,15.692117092860173,17.530973747277944,7.593152924155491,12.562063335716717,9.937820823122452,16.537191664965697,107.78348968632204,101.9412902663764,73.60676253214503,0.7849190113913206,73.14439946018894,17.53097374730752,14.247236250209562,73.14439946018894,90.09076639235953,22.357174988753936,22.13225371120108,22.199730094466936,21.99730094466937,14.82,left_ticks_800
IMG_00170.tif,1,2.0,22.076693997369706,22.191446482310447,23.6504288340266,23.752525955538847,25.2338210943415,25.32792800888867,1.53439685580682,1.6020846707713978,1.530078344348927,5.314288951637116,22.0,12.3383487846545,11.618077485625976,12.545452952795785,12.545452952795785,87.95262835090637,85.41856558654709,85.41856558654709,22.0,-1.0,9.5,22.0,14.687939714250431,15.571385285366716,9.472051804440524,15.571385285366716,17.65434804495341,7.092959299752649,12.37365367235303,10.56138874520076,16.598209170433332,110.31278856308364,103.2947136977718,72.98561257208672,0.7862348068230758,72.73954116059379,17.654348044981287,14.102117630138952,72.73954116059379,90.84569617358422,22.33468286099865,22.109761583445795,22.15474583895636,21.99730094466937,14.82,left_ticks_800
IMG_00171.tif,1,2.0,25.40710893588042,25.445040246693463,26.876863420652956,26.91973406273792,28.432369681975104,28.4848481029351,1.849847444833694,1.1899604114079316,-0.2292350012241847,3.2339990970360564,22.0,11.294443156337593,11.65777950320828,13.379986266242495,13.557871299033906,107.01101018141374,94.46769111706648,87.92769147258844,22.0,-1.0,11.5,22.0,14.465573628337296,14.465573628337296,8.93913253649032,13.953722264832834,18.97138895438127,3.4802521317302,11.225820543055736,15.49113682265107,17.422275272116163,160.4605538999828,130.65024005411723,78.23695654329975,0.7818764821624888,95.41160593792172,18.971388954406283,12.706952715760146,95.41160593792172,115.63006418768768,25.61853351327036,25.48358074673864,25.371120107962213,25.236167341430495,14.82,left_ticks_800
IMG_00172.tif,1,2.0,25.40247149632222,25.44038122609318,26.87879489892251,26.921465615092004,28.428373050531626,28.480415596804185,1.8469020033682888,1.1931323673427228,-0.2309924237167509,3.226343669945221,23.0,11.188483254674338,11.671368830302413,13.372164945428407,13.48332240445842,107.98880523401428,94.7481459794024,88.24349062171271,23.0,-1.0,11.5,23.0,14.338937918121076,14.338937918121076,8.895700545827538,13.778753470652646,18.87675359704932,3.4517657656253604,11.164259681337338,15.424987831423952,17.334254813906917,161.41978045866324,131.34072593283037,78.60238392021319,0.7825236050978769,95.54655870445345,18.87675359707504,12.696178536607762,95.54655870445345,115.70832548494444,25.61853351327036,25.48358074673864,25.371120107962213,25.236167341430495,14.82,left_ticks_800
IMG_00173.tif,1,2.0,25.40562086430141,25.443555130990205,26.883998765140944,26.926286291989907,28.434338530402776,28.486489645824737,1.8466120866184943,1.1963224282160347,-0.2403602320053285,3.2115330695048447,22.0,11.121244803617472,11.668396339195631,13.342734034253368,13.554171301693003,106.86638347363215,94.88485781803388,89.40464553114212,22.0,-1.0,11.5,22.0,14.33688897574072,14.33688897574072,8.90014427253766,13.85804589101474,18.905109729467824,3.3269259237004443,11.116017826584134,15.57818380576738,17.347291348891087,163.4526621965813,131.9199682822132,78.4985812010407,0.7799566199365214,95.68151147098516,18.905109729493933,12.648807442892648,95.68151147098516,116.14905456081628,25.61853351327036,25.461088618983357,25.371120107962213,25.236167341430495,14.82,left_ticks_800
IMG_00174.tif,1,2.0,25.40846564304464,25.4463193260297,26.89185723133688,26.934084012727308,28.44592344985733,28.49816073225296,1.8537417341162927,1.1980996721069626,-0.2452356937035289,3.2087602665255206,23.0,10.951124723753082,11.601736839786144,13.353775221641513,13.599927366241474,110.05210390498009,94.81220466922026,87.91762823928292,23.0,-1.0,11.5,23.0,14.34533395774818,14.34533395774818,8.786732708130444,13.90796361926948,18.791611369767192,3.415714496214324,11.103662932990758,15.375896873552868,17.254021682411906,162.53401709816154,132.07939124640944,78.96408125478233,0.7817030340161744,96.08636977058028,18.791611369791863,12.635061459741287,96.08636977058028,116.28610846091075,25.61853351327036,25.461088618983357,25.371120107962213,25.236167341430495,14.82,left_ticks_800
IMG_00175.tif,1,2.0,25.40926376909546,25.44711007923263,26.897771933908235,26.939961764995523,28.45626197366278,28.509056054800183,1.8623357495880335,1.199610225979526,-0.2502371227264379,3.207005688346407,22.0,11.205212187104069,11.609296787986134,13.392152316241775,13.447349554992172,105.87555611470768,94.5822301556643,88.28568062494685,22.0,-1.0,11.5,22.0,14.348491758636412,14.348491758636412,8.60009757989286,13.752111020844607,18.790760257678382,3.4219398571499493,11.106350057414168,15.368820400528437,17.25387821762554,162.43664134080151,132.0522162374067,78.97014792513379,0.7802531431203813,94.60188933873144,18.79076025770288,12.641710166815637,94.60188933873144,116.22979954661972,25.64102564102564,25.48358074673864,25.393612235717494,25.236167341430495,14.82,left_ticks_800
IMG_00176.tif,1,2.0,22.33444496661512,22.339149188648,23.78043099942468,23.78541279984066,25.22156444077565,25.225920774494185,1.6786916427271248,1.2080799431190623,-3.86701298443652,1.1726894725983703,11.0,12.371599106631464,12.606529392736077,12.609628306757427,13.480594673613638,88.2244656654663,88.2244656654663,81.58722941439443,11.0,-1.0,11.5,11.0,12.89723997764338,14.006235544625582,13.135269177769374,,11.950255355354662,15.21211461790972,13.581184986632191,-3.261859262555057,12.276441281610168,95.57248188613322,95.11490628292847,107.86682120398888,0.5032662061327197,74.62887989203779,11.95025535559316,15.839801349811715,74.62887989203779,81.82918105770409,22.559604138551503,22.37966711650922,22.17723796671165,21.99730094466937,14.82,left_ticks_800
IMG_00177.tif,1,2.0,22.33469725497945,22.339408960101693,23.77871329019041,23.783687062041004,25.22025420459856,25.224594918361145,1.6731982387439477,1.2119877195155035,-3.860681060071881,1.1717866291262904,11.0,12.229904640046414,12.563558074803607,12.63430388539598,13.479487916899956,88.12423236243765,88.12423236243765,81.67200082913787,11.0,-1.0,11.5,11.0,12.749378472716671,13.998961749570183,13.15377771806618,,11.987528186297515,15.1178597549681,13.552693970632808,-3.130331568670584,12.300561343164574,95.73603728753262,95.31223120076932,107.53758598812476,0.504666901830706,74.62887989203779,11.987528186534185,15.811691915803072,74.62887989203779,81.97190020762187,22.559604138551503,22.357174988753936,22.17723796671165,21.99730094466937,14.82,left_ticks_800
IMG_00178.tif,1,2.0,22.33396882767436,22.338797609114884,23.780035888294808,23.78499690926073,25.22378159996801,25.228084298081036,1.6715631125651826,1.217723576400963,-3.8534690393239432,1.170251376839486,11.0,12.322310212921025,12.586819993996077,12.670975183475376,13.463470333507756,87.64274592625497,87.64274592625497,81.44726551817834,11.0,-1.0,11.5,11.0,12.835859155969729,13.977019276556462,13.184524126524082,,11.771573626821944,15.370772138183066,13.571172882502504,-3.5991985113611227,12.131493477958056,95.74194336666812,95.18252511671318,109.47909261160795,0.5027060546203282,74.7638326585695,11.771573627063932,15.836801020954416,74.7638326585695,81.84322641805997,22.559604138551503,22.357174988753936,22.17723796671165,21.99730094466937,14.82,left_ticks_800
IMG_00179.tif,1,2.0,22.340675344875866,22.34543470278641,23.788812788182906,23.793879369132213,25.237435105755612,25.242119445482043,1.6843993379420736,1.2122854047535632,-3.840315550496511,1.1824157395691346,11.0,12.0541002362977,12.829621110962371,12.635880261621937,13.359376304775791,87.71493786388989,86.99808785036434,81.57351903822074,11.0,-1.0,11.5,11.0,12.550309475790073,13.855585544268138,13.132089501114253,,11.667851068845431,15.407020625775989,13.53743584731071,-3.739169556930557,12.041768024538488,96.0524638410492,95.44343110185268,110.471225220334,0.5038315878091961,75.43859649122807,11.667851069086852,15.80077163440783,75.43859649122807,82.04927244611358,22.559604138551503,22.37966711650922,22.199730094466936,21.99730094466937,14.82,left_ticks_800
IMG_00180.tif,1,2.0,22.33467766456167,22.339447186367213,23.786920832520853,23.791943474266223,25.22182074995312,25.22622084648504,1.6804040268997238,1.2063696332180995,-3.842440932159186,1.1773251243135276,10.0,11.965190953988255,12.810215395232552,12.74456877576884,13.389449863008991,89.25784232787717,87.97501019482375,81.82813591556886,10.0,-1.0,11.5,10.0,12.706345961015812,13.884827000454322,13.239945913214171,,11.212196775134114,15.77645294481562,13.494324859974869,-4.564256169681507,11.668622392102264,96.6383003950992,95.71698431534098,114.86887256323288,0.5054093002880258,76.11336032388664,11.212196775396226,15.759849755614203,76.11336032388664,82.23483783172252,22.559604138551503,22.357174988753936,22.22222222222222,21.99730094466937,14.82,left_ticks_800
IMG_00181.tif,1,2.0,26.987568390145277,27.015861094759103,28.452810389629143,28.47589469525732,29.92755139283945,29.945974875684648,1.683557198941982,1.2465565819835596,-1.4992781532022048,2.307207698116851,15.0,12.650565190324471,13.018050649780117,13.16399135808095,13.884425279455227,104.61868375009492,103.93176755415072,103.6270580168748,15.0,-1.0,11.5,15.0,14.083640964548607,14.083640964548607,12.51879026008919,,14.283458294912766,12.182018502258034,13.2327383985854,2.101439792654733,14.073314315647291,118.26030418164362,118.0131979350903,109.49313169637396,0.5361187409401629,93.387314439946,14.283458295012943,15.19398300261584,93.387314439946,103.07255329748942,27.14799820062978,26.968061178587494,26.81061628430049,26.51821862348178,14.82,left_ticks_800
IMG_00182.tif,1,2.0,26.9872765489391,27.01546513461551,28.449619691323196,28.472682717787308,29.92199334656,29.940365997525934,1.6787213201111215,1.2461795427993012,-1.506916842446255,2.3062740056054114,14.0,12.892902853649131,13.13291314466722,13.116438203829349,13.809567408259596,103.75257919226654,103.5802158334762,101.40004035651792,14.0,-1.0,11.5,14.0,14.020076851546918,14.020076851546918,12.879876946756212,,14.695262548149325,12.05643923428612,13.375850891217722,2.638823313863204,14.431380216763005,117.1495480761597,116.7714945316814,106.48804047552692,0.5389174159555437,91.49797570850204,14.695262548257574,15.332862235555396,91.49797570850204,102.15956736978256,27.14799820062978,26.968061178587494,26.81061628430049,26.51821862348178,14.82,left_ticks_800
IMG_00183.tif,1,2.0,26.988113280704063,27.01613603355863,28.44938206543909,28.472349388047324,29.92082697993582,29.93912371118956,1.6750814769869882,1.2479062006439368,-1.5131024896019156,2.301496726550448,14.0,12.868023575343642,13.112218279446472,13.0856778602641,13.0856778602641,105.353586530073,103.47641764858064,103.47641764858064,14.0,-1.0,11.5,14.0,13.722163290289132,13.722163290289132,12.846271820662196,,14.652187754851989,12.022329999622844,13.337258877237415,2.629857755229143,14.389201979329073,117.48523313317814,117.10646780151431,106.79716720948171,0.5385933770030079,90.68825910931174,14.652187754961377,15.300794105917111,90.68825910931174,102.37138105077604,27.14799820062978,26.968061178587494,26.81061628430049,26.51821862348178,14.82,left_ticks_800
IMG_00184.tif,1,2.0,26.978147941694505,27.00627704974857,28.443453958895848,28.466529041540817,29.917897732246868,29.936329147858523,1.6815327359687802,1.2485193621411683,-1.5352170345335383,2.3071261715283207,15.0,13.078356935113646,13.148506923410816,13.291457221987171,13.078356935113646,103.46157921682229,103.44331814787358,103.44331814787358,15.0,-1.0,11.5,15.0,13.504257084552648,13.504257084552648,13.29115679767915,,14.546205391432832,12.243171867038214,13.394688629235525,2.3030335243946167,14.315902038993368,116.85718231993076,116.57093737778256,107.51905537984872,0.5383332501114343,90.2834008097166,14.546205391541047,15.363545531779517,90.2834008097166,101.92604857585482,27.14799820062978,26.968061178587494,26.81061628430049,26.51821862348178,14.82,left_ticks_800
IMG_00185.tif,1,2.0,26.97202199279009,27.000350026862613,28.44340623495396,28.46647144875429,29.926716436454804,29.9450591533886,1.686125018440586,1.2585841080854068,-1.5512150153300617,2.3066350252634105,15.0,12.630205342689068,12.936310038582096,13.08856040722145,13.08856040722145,107.12102423824976,103.83949855991288,103.83949855991288,15.0,-1.0,11.5,15.0,13.321182170298584,13.321182170298584,12.8628271057662,,14.502708048242113,11.835645837938143,13.169176943090129,2.667062210303968,14.236001827211714,118.90932284985286,118.50476717285514,107.81077632756644,0.5395707104945212,90.41835357624832,14.50270804835642,15.1408823687731,90.41835357624832,103.36632667678003,27.14799820062978,26.968061178587494,26.78812415654521,26.51821862348178,14.82,left_ticks_800
IMG_00186.tif,1,2.0,25.817369111662213,25.984490978536407,26.948022209162385,27.116901851938863,28.071318516917103,28.24185166095543,0.9947422429974936,1.2626184394215283,1.0673848548764904,6.397818231658329,19.0,9.189636991888392,8.06021151871466,7.994162886532166,7.994162886532166,148.92624789470915,179.36288063240048,185.35253795290288,19.0,-1.0,7.5,19.0,10.311433993022888,12.71112082874265,7.322426812400181,,15.308407762142831,3.4496145832672296,9.379011172705033,11.8587931788756,14.12252844425527,187.5233884946911,159.1599843883997,98.24242925465852,0.5616173372180798,81.64642375168691,15.308407762262997,12.432061322748485,81.64642375168691,120.48130747435196,25.77329727815336,25.96687324376293,26.090643040794014,26.333070718253765,14.82,left_ticks_800
IMG_00187.tif,1,2.0,25.819026806455707,25.986287676285997,26.91440974443014,27.083067982560543,27.98615669898972,28.158175655957507,0.9989043491559144,1.1729836305155965,0.9788874763632948,6.397615221528686,21.0,9.2105039268383,8.12658996486339,7.900069752838647,7.900069752838647,149.4098320595344,179.77587191261998,185.9587654811837,21.0,-1.0,7.5,21.0,10.431506662662969,12.790078622414626,7.289787635826258,,15.580485733286013,3.80078045471209,9.69063309399905,11.779705278573925,14.40251520542862,178.79399387177224,154.10108179550258,96.5761653132312,0.5785005886981507,80.56680161943319,15.580485733392582,12.758445525312643,80.56680161943319,117.45798563193816,25.793040295827325,25.96472928464109,26.089263482884157,26.33440933679235,14.82,left_ticks_800
IMG_00188.tif,0,,,,,,,,,,,,,,,,,,,,,,,,,,,,,,,,,,,,,,,,,,,,,,14.82,left_ticks_800
IMG_00189.tif,0,,,,,,,,,,,,,,,,,,,,,,,,,,,,,,,,,,,,,,,,,,,,,,14.82,left_ticks_800
IMG_00190.tif,0,,,,,,,,,,,,,,,,,,,,,,,,,,,,,,,,,,,,,,,,,,,,,,14.82,left_ticks_800
IMG_00191.tif,1,3.0,26.372470240558798,26.526945766291032,27.51212962385942,27.66849019773665,28.60930395305284,28.764037097427146,0.8684592392502681,1.36863209188585,5.916019483723131,6.0941517437180535,28.0,12.766103364452375,12.74946226342613,12.31593414976794,12.115933057701682,116.74552210998576,120.80335621462964,122.73801973050296,28.0,-1.0,12.5,28.0,16.27511182636161,16.27511182636161,12.47570608317153,16.27511182636161,19.54676189846821,10.02034282840209,14.783552363435147,9.52641907006612,18.5941199914616,107.13208414353142,103.3508202869332,78.82166314366356,0.8194720414414777,94.46693657219971,19.54676189846804,14.771000882033915,94.46693657219971,103.436684660334,26.414303595913232,26.511302068296292,26.572647872286225,26.65317139001349,14.82,left_ticks_800
IMG_00192.tif,1,3.0,26.377124592623137,26.53195395841763,27.510008611107256,27.665871783014776,28.601549918784038,28.75587381072935,0.8674116560145076,1.3565081962972163,5.938287485900141,6.084729963068783,28.0,12.68282817073394,12.759163672034036,12.331767980982704,12.126396835877529,117.47632096048632,120.5961739446008,122.59536923813197,28.0,-1.0,12.5,28.0,16.33428271823948,16.33428271823948,12.48949458614038,16.33428271823948,19.4228402550199,10.078428637208996,14.75063444611445,9.344411617810904,18.48839909323881,107.2467865361988,103.59205341796924,79.31700598631517,0.8221773678558528,94.60188933873144,19.422840255019537,14.725129501776976,94.60188933873144,103.76750383454724,26.411936105318528,26.509681290737294,26.57194117447783,26.65317139001349,14.82,left_ticks_800
IMG_00193.tif,1,3.0,26.38147071852725,26.536439640076928,27.48603524119423,27.64129580134996,28.58656060124093,28.74141905498377,0.8670389967051428,1.3379404182016994,6.008301472186093,6.075646540299835,28.0,12.728352328189004,12.82549512381193,12.38671105514399,12.096631135771132,117.69788121464828,120.74209593333302,123.5763274397356,28.0,-1.0,12.5,28.0,16.303507239924016,16.303507239924016,12.444389243834166,16.303507239924016,19.377933787869072,10.059387617421612,14.718660702645344,9.318546170447458,18.446079170824326,107.48784056209168,103.82926752023764,79.50687383726765,0.8205636888505192,95.27665317139,19.377933787868717,14.69347673475426,95.27665317139,104.0032978010327,26.41343293268936,26.5112156044665,26.573521376680205,26.65317139001349,14.82,left_ticks_800
IMG_00194.tif,1,3.0,26.37246647372368,26.52736460834653,27.460044451540245,27.615378860743625,28.56801129904861,28.721407147227577,0.8652384074900602,1.3288041313909895,6.072665293865167,6.079946326952823,29.0,12.731928892084,12.862299056788146,12.441140028466831,12.091616479230453,118.06775342706986,120.66640767724668,124.09923887826643,29.0,-1.0,12.5,29.0,16.29852562357712,16.29852562357712,12.44628397328188,16.29852562357712,19.401493058330225,10.041964906917231,14.721728982623729,9.35952815141299,18.46554024318893,107.46044567526322,103.77120090384967,79.38580784527899,0.8216704370702999,95.0067476383266,19.40149305832974,14.689079867943558,95.0067476383266,103.99675855388767,26.40895428170481,26.50707277142698,26.56978963112511,26.65317139001349,14.82,left_ticks_800
IMG_00195.tif,1,3.0,26.36322731753408,26.51803271752776,27.46136976995376,27.618127913930053,28.56362090923636,28.71764342412364,0.8670972694842934,1.3325134371115883,6.028593019904835,6.107468005515566,28.0,12.784870936700884,12.838155785183398,12.393057718990091,12.07227323149823,117.45475725285898,121.00692436819628,124.14325083002684,28.0,-1.0,12.5,28.0,16.28406665389946,16.28406665389946,12.41932845809214,16.28406665389946,19.31025422134832,10.034672062817862,14.672463142083089,9.275582158530456,18.382696005495276,107.73535562138436,104.0792637308497,79.72145232850158,0.824001339175419,94.73684210526316,19.310254221348124,14.658972159937347,94.73684210526316,104.1729481642718,26.4109351626317,26.50815316895196,26.569767712761557,26.65317139001349,14.82,left_ticks_800
IMG_00196.tif,1,2.0,18.832795657966734,18.83798467785583,20.20588359250075,20.21225035582197,21.583545798404064,21.59091765651679,1.828923730748193,0.924009247912768,0.2724916195309043,-1.4381396143394576,18.0,15.251023913117862,15.908234872599303,15.371575829183712,15.449092344412492,66.22153093893786,65.94057327437864,64.97436369966711,18.0,1.0,13.5,18.0,15.527705366209432,17.40954930544467,14.996307443622667,17.981050748972933,16.716337177399907,15.317202898312962,16.016770037856435,1.3991342790869452,16.576423749491212,68.31272390307446,68.26975590343433,65.48922273127708,0.7944136141227903,67.38916256157636,16.716337177411038,16.747374841208558,67.38916256157636,65.37131928296878,18.87246852764094,18.741105637657363,18.828680897646414,18.91625615763547,15.225,juniper_right_8
IMG_00197.tif,1,2.0,21.96074444411669,21.960951803029616,23.965470372825276,23.965732655872323,26.2232006608202,26.225508196933564,1.1753874513136149,3.0891689425903377,-6.33234251066412,0.2680573879536475,16.0,16.683719808899497,16.022385494475294,16.1093545402897,15.638710041384115,104.7098812778662,109.61813382662945,117.6628567187932,16.0,1.0,17.5,16.0,14.252946841204391,14.252946841204391,14.723591340109976,14.252946841204391,15.154771360410484,13.992812564576775,14.57379196249363,1.1619587958337063,15.038575480827111,87.23203505055345,87.18623391412667,83.91771276389734,0.7777982317491047,121.1822660098522,15.154771360363416,12.224994968440576,121.1822660098522,103.60454310560996,21.92118226600985,21.94854953475643,21.97591680350301,21.92118226600985,12.18,juniper_right_10
IMG_00198.tif,1,2.0,18.129692404025665,18.131385529113867,19.04838157489848,19.049069722526024,19.90365104768143,19.90375960131474,0.8019748285363175,0.9703992436645557,1.0716958959226397,0.4870155862644487,20.0,12.630445408960384,13.108666483337808,13.05855694007829,12.60494080183787,81.18175087540592,79.31482493006479,82.20375894864885,20.0,-1.0,11.5,20.0,13.84895844278293,15.744052209964934,13.11509774284417,15.744052209964934,15.085000735992605,11.859721500799532,13.47236111839607,3.2252792351930726,14.762472812473298,78.1805599558474,77.80862064026513,69.6539505128799,0.7388247936204844,79.6659707724426,15.085000735986611,13.078786801752798,79.6659707724426,80.10741803647184,18.16283924843424,18.05845511482255,17.933194154488522,17.661795407098126,15.966666666666663,juniper_right_15
IMG_00199.tif,1,2.0,16.595612530763482,16.595615381401444,17.373546902948164,17.373565706292116,18.221616250786667,18.22165023664332,0.8476208657229855,0.7784139895188878,0.6936133918189593,0.0842967311658045,13.0,12.134201157085784,10.853391961526969,13.03187584491323,13.03187584491323,78.8445329578444,75.7214067699492,72.62427216025176,13.0,-1.0,13.5,13.0,14.547297288530842,14.547297288530842,12.157027344291125,16.10718119270109,16.029224367769842,6.9065147800462325,11.467869573908038,9.12270958772361,15.116953408997482,88.31893230120168,83.46975158289646,60.10018330078524,0.733690531971329,73.77870563674323,16.029224367759465,11.092858574418576,73.77870563674323,86.25442022959857,16.45093945720251,16.47181628392485,16.597077244258877,16.722338204592905,15.966666666666663,juniper_right_15
IMG_00200.tif,1,2.0,18.60506825607502,18.60562495711193,19.410503755884186,19.41103502581446,20.189207438651053,20.189706342062117,0.6260352477084703,0.9580461372417128,0.7600721364523039,0.4239082726494874,18.0,16.221311563987797,16.68228116929036,16.25527804515309,16.810936910738207,66.82809557295889,66.63965804643036,64.71785587889943,18.0,-1.0,15.5,18.0,18.203409581155995,18.56728195608653,16.301350283336717,18.06541727875438,19.570919614004072,14.975832341004876,17.273375977504475,4.595087272999195,19.111410886704157,63.02448918195888,62.65599558590971,55.54029025263903,0.77557817414448,62.00417536534448,19.57091961399822,17.09191799879057,62.00417536534448,63.30102394848591,18.66388308977036,18.62212943632568,18.643006263048026,18.851774530271403,15.966666666666663,juniper_right_15
IMG_00201.tif,1,2.0,18.916492850559024,18.91649303274715,19.8286697792135,19.828764002625192,20.737758895221827,20.73843287567821,1.0562675852940204,0.7656722576370395,-0.0248439666940441,-0.1766320026306939,32.0,11.875364738264878,11.978009210051829,11.897904493702129,12.23039573985966,90.7102234411964,90.56729971525868,88.66859849567439,32.0,1.0,11.5,32.0,12.331456145800049,13.594683364277842,12.132322650673643,13.594683364277842,12.433626436626096,11.584590121983162,12.009108279304629,0.8490363146429333,12.348722805161804,90.9527374156602,90.91506530433487,87.85738771723159,0.8815232819904945,92.8735632183908,12.433626436624596,11.88345322652302,92.8735632183908,91.86235313654258,18.85057471264368,18.93814997263273,18.98193760262726,18.58784893267652,15.225,juniper_right_8
IMG_00202.tif,1,2.0,21.62978159421049,21.65114870365761,22.786360337658007,22.798555364198474,24.02904790233929,24.03510885876958,1.531460799057862,0.852499356054106,-4.336443367199903,-1.8741083752629943,32.0,14.108705703202403,13.963862650149132,14.179085046278772,15.047286908113987,93.46594113797327,92.1257585573338,90.20726294812502,32.0,1.0,14.5,32.0,14.743073794961816,16.202403868777452,14.183733937433315,17.99301921025048,18.201451526298072,9.982894273027846,14.09217289966296,8.218557253270228,17.379595800971053,91.36447648602638,88.73514049088736,69.16866925318419,0.8928579413704557,91.16584564860428,18.2014515262881,12.91480258154174,91.16584564860428,96.66786401080373,21.76245210727969,21.652983032293378,21.60919540229885,21.47783251231527,15.225,juniper_right_8
IMG_00203.tif,1,2.0,19.649092438380144,19.649154929988374,20.667205287266658,20.667268281815947,21.69051121087229,21.690565919628,1.2175082869172476,0.8239027027223796,-2.6698341167969577,-0.1414645715321433,32.0,14.292163486593054,14.481143212439216,14.3643019380022,15.299573607823248,87.87114011936333,85.97161461151126,82.92960785503291,32.0,1.0,13.5,32.0,14.102266593837356,14.563708211339758,14.760029266541435,17.531773686004158,12.62643961176274,16.035544599479074,14.330992105620908,-3.409104987716333,12.967350110534374,79.72952721086986,79.35546129884523,89.85768826919859,0.7677608865529593,104.30213464696224,12.626439611738723,12.963356407584277,104.30213464696224,87.56073914745173,19.63875205254516,19.63875205254516,19.682539682539684,19.704433497536947,15.225,juniper_right_8
IMG_00204.tif,1,2.0,20.75968200847094,20.76011555476861,21.925266653288222,21.925535449724187,23.09190267997086,23.092118720946967,0.7833630955939792,1.5486400705843777,-7.354053323721222,-0.2837100516582702,21.0,14.516815957338594,16.3825586493936,16.5777066689908,20.165763347172543,109.24365996323716,100.92110572409688,85.12490860047514,21.0,1.0,13.5,21.0,19.82804483452506,18.64022912329392,14.4809131437423,21.8440911646332,22.842120740131868,9.955093844593796,16.398607292362833,12.88702689553807,21.55341805057806,77.5033810020269,73.3817525986647,53.36775752246869,0.7742103319973201,94.1871921182266,22.842120740066623,13.075584571353192,94.1871921182266,91.57241632564934,20.602079912424745,20.711548987411057,20.8648056923919,20.82101806239737,15.225,juniper_right_8
IMG_00205.tif,1,2.0,21.5341738780521,21.55191113853759,22.60830738246369,22.63740310792989,23.727599697402557,23.771944025423583,1.2484260889235723,0.9716067979624204,0.7230688212592082,-2.905262981820368,22.0,12.107411115921678,12.253590530888127,12.25134727034063,12.89810496669702,88.33941151677132,85.47465319419689,85.47465319419689,22.0,1.0,10.5,22.0,12.656824014256271,12.656824014256271,13.045102279331104,12.55779060680348,14.1983597661683,10.877428686470603,12.537894226319452,3.320931079697697,13.86626665819853,99.84599692911031,99.26332387376742,87.85321890209146,0.7999308630250245,82.90640394088668,14.198359766185932,13.859042627452174,82.90640394088668,89.96050123906535,21.625615763546797,21.57635467980295,21.60098522167487,21.72413793103448,13.533333333333337,juniper_right_9
IMG_00206.tif,1,2.0,19.51786814439803,19.518115996614306,20.55501855585096,20.555023470585056,21.6185377546579,21.619502894311765,1.0304413472986411,1.0709455503988174,-4.376349035723692,0.0396212947424578,18.0,14.43278678364203,14.267063851658396,14.386178838147828,14.386178838147828,107.3020576500287,106.58864774539336,106.58864774539336,18.0,1.0,13.5,18.0,14.25595201860662,15.054833376655523,11.407588535164932,15.054833376655523,16.14644688064824,11.115864282415846,13.631155581532044,5.030582598232395,15.643388620825,83.72159790133074,82.7700959825145,70.14361648796555,0.6671951421110942,106.69950738916252,16.14644688058326,11.363721616684757,106.69950738916252,98.9992548702804,19.605911330049256,19.630541871921174,19.630541871921174,19.802955665024623,13.533333333333337,juniper_right_9
IMG_00207.tif,1,2.0,15.164718820716653,15.174017286471017,16.470428530852804,16.477994229712298,17.734517830657726,17.739967945141384,1.3162874798512594,1.249663178819111,-5.89854757870688,-1.7363073380696732,18.0,16.215897325256023,16.12883976707524,16.515525080368548,15.916269570143498,63.855210367888056,63.8718878307735,63.8718878307735,18.0,1.0,15.5,18.0,16.013858393897465,15.85534868172823,16.63078101361316,16.013858393897465,14.805251487190269,18.47354404871412,16.639397767952193,-3.668292561523848,15.172080743342654,53.07552789667303,52.86251021320211,59.23678671294604,0.729130364160927,70.54187192118226,14.80525148714386,14.644293175175074,70.54187192118226,59.87339546017165,15.172413793103448,15.194307608100711,15.216201423097974,15.172413793103448,15.225,juniper_right_8
IMG_00208.tif,1,2.0,20.331735924531007,20.33541718575145,21.74894043579633,21.753065875414304,22.99060383970348,22.99596127523538,0.7561115350130224,1.904432554470912,-3.063872241120901,-1.1158848312397345,28.0,14.001358480470088,14.46238389303191,15.21199349327864,15.388180926335169,86.31122794128714,85.05050035501537,86.44260141584428,28.0,1.0,14.5,28.0,17.440066716644083,17.440066716644083,17.111095662685557,14.618873806598572,17.422648452657846,16.69400998465576,17.0583292186568,0.7286384680020846,17.349784605857636,69.22559936160545,69.21520964960489,67.81137087786051,0.8496429641899731,95.36945812807882,17.42264845262809,14.960365143220953,95.36945812807882,78.65148354939252,20.076628352490424,20.18609742747674,20.426929392446635,20.55829228243021,15.225,juniper_right_8
IMG_00209.tif,1,2.0,17.917651618843152,17.954659536088073,18.699718030924757,18.72838365287901,19.522578688251784,19.54188864037917,0.9426173929004628,0.6446117113906381,-2.013228083127299,-3.1704694722677917,14.0,17.881394369159906,17.693341045726495,17.306647895788984,17.306647895788984,55.23789557917783,56.764755840618406,57.69278456295555,14.0,1.0,16.5,14.0,17.385723353029363,16.89908706353313,19.581398082697177,16.72942413079565,17.29326731932107,18.934915518059334,18.114091418690204,-1.6416481987382667,17.457432139194896,57.714408123660384,57.67546602370012,60.32338187543338,0.3636938206650554,53.59605911330049,17.293267319516552,18.90761417419191,53.59605911330049,55.33797146259932,18.03290459181016,17.90914066776136,17.952928297755882,18.0623973727422,15.225,juniper_right_8
IMG_00210.tif,1,2.0,16.382018675797774,16.382070064056936,17.54964960274052,17.54984186735542,18.734129697708397,18.73455681827519,1.2536678503244822,1.0988189038937703,-1.3599707461416437,-0.2681952637816812,23.0,11.324955643591778,11.55783072251631,11.440704131578514,12.314652814990067,90.09930953746937,89.6673901341942,83.5687065256198,23.0,1.0,10.5,23.0,11.878219327119863,11.685517232303,10.39186732264929,11.685517232303,11.991841092190192,10.547867402437936,11.269854247314065,1.443973689752255,11.847443723214967,83.93088931901279,83.81652735620983,78.83760532234407,0.7805547649669715,84.33497536945814,11.991841092177385,10.565999914220882,84.33497536945814,89.3300670455633,16.332785987958403,16.332785987958403,16.39846743295019,16.486042692939247,15.225,juniper_right_8
IMG_00211.tif,1,2.0,27.311714015097543,27.35588266776,28.393593631355664,28.442885920288997,29.49252518142059,29.54864213927103,1.1133271082939755,1.079432363217053,-2.821524254610504,-3.3736733738204063,23.0,15.785537939728329,15.741293341376531,15.785537939728329,15.785537939728329,96.69394241566106,96.69394241566106,96.69394241566106,23.0,1.0,14.5,23.0,18.54661203110811,18.54661203110811,14.2144073348029,18.54661203110811,19.86701383356995,13.61247364651989,16.73974374004492,6.254540187050059,19.241559814864942,95.9258262090817,94.81314871429966,80.35749639930025,0.8344044226363521,92.77504105090313,19.86701383356839,16.624853603170397,92.77504105090313,95.44969485034756,27.58620689655173,27.394636015325677,27.312534209085936,27.339901477832512,12.18,juniper_right_10
IMG_00212.tif,1,2.0,21.073466164845005,21.07530864188669,22.04234285685606,22.043465591248875,23.020582705076222,23.02238648079148,0.9819368477224036,0.9651409911823912,-2.7237123950770656,-0.5782798371410246,15.0,22.914055030908344,22.767132539808845,22.86597173631733,22.86597173631733,55.45245923051821,56.27776084133052,56.30797506815647,15.0,1.0,20.5,15.0,23.638647826580183,23.958613455919192,22.96146061140269,19.61477161056436,24.25521640160134,22.158168495812145,23.206692448706743,2.0970479057891955,24.04551161102242,53.49271452476046,53.457178203149695,51.27718222074234,0.7442968881044474,58.94909688013136,24.25521640142788,22.15160783211332,58.94909688013136,55.866007448015615,21.237000547345374,21.127531472359056,21.01806239737274,20.85385878489327,12.18,juniper_right_10
IMG_00213.tif,1,2.0,25.049100938135464,25.049858417636568,26.423654359887987,26.42985391842546,27.87048667266033,27.888824370175744,1.2818537980166007,1.557112154522573,-5.563585901229567,-1.2410209728962394,17.0,17.572649204443366,16.761536919276416,17.40918755914069,18.69143416238589,108.49162154923508,108.49162154923508,103.6431741632937,17.0,1.0,16.5,17.0,18.25624061362473,16.973994010379528,12.748397286562463,16.973994010379528,20.43715986724836,11.272148858574608,15.854654362911484,9.165011008673751,19.520658766380983,94.23951078806952,91.58277648216608,71.65427497330509,0.7689027952071156,111.16584564860428,20.437159867189163,13.513246052603831,111.16584564860428,107.07498969619954,25.23262178434592,25.150519978106185,25.23262178434592,24.958949096880133,12.18,juniper_right_10
IMG_00214.tif,1,2.0,18.612515324653486,18.61958094013063,19.672703227511157,19.694954398917933,20.743630949941664,20.783312774004948,1.463434369735433,0.7002974641388863,-0.2780907683336948,-2.7238141834653797,25.0,12.88692486676618,12.952031102021191,12.88692486676618,13.868937485071882,76.95814349357138,76.95814349357138,74.2356344196773,25.0,1.0,12.5,25.0,14.387997509957271,14.387997509957271,11.85797415583002,13.014541584041268,15.29777134764292,10.78693033516386,13.04235084140339,4.5108410124790606,14.846687246395014,83.32660807513672,82.49519176703755,70.56210227759054,0.8209174401498167,76.71592775041051,15.297771347651803,13.628741331738787,76.71592775041051,79.00868925230364,18.58784893267652,18.58784893267652,18.65353037766831,18.7192118226601,15.225,juniper_right_8
IMG_00215.tif,1,2.0,23.235185915968124,23.24608085277545,24.720357741408566,24.730551353151338,26.172577082650676,26.18154839755288,1.982375585104674,0.9530919596727568,-6.63665213430381,-1.645127997830243,21.0,18.92278758125903,18.489858395911668,18.92278758125903,19.73358203551868,87.07254589467966,87.07254589467966,86.51235157302828,21.0,1.0,17.5,21.0,19.496380291442136,20.62900522637247,17.44626311688654,20.62900522637247,21.92133381539181,15.057675920204652,18.48950486779823,6.863657895187158,21.23496802587309,73.95999808793304,73.11572476131339,62.10874545328971,0.7631925054624031,90.44334975369456,21.92133381533053,16.166905873042726,90.44334975369456,83.27668118932698,23.25123152709359,23.30049261083743,23.3743842364532,23.4975369458128,13.533333333333337,juniper_right_9
IMG_00216.tif,1,2.0,20.308804968491224,20.312761843798533,21.93169594560503,21.939189034314293,23.65227071439684,23.66369098923311,1.2167917475888474,2.1341373978457283,0.9580667438836662,1.4975114224947317,18.0,16.788526515105772,16.907590382249072,16.694239346120185,16.58812171390889,70.99537176199192,71.39463799704097,71.83997646491387,18.0,1.0,15.5,18.0,17.181140557461788,17.287949982389904,16.531237789780135,,16.8863467517122,16.62966254756484,16.75800464963852,0.2566842041473576,16.860678331297464,70.43744430681826,70.43608440754139,69.91615999225485,0.6203142452594679,74.18719211822658,16.88634675171196,16.753072953786702,74.18719211822658,70.456224507901,20.36945812807881,20.34482758620689,20.29556650246305,20.32019704433497,13.533333333333337,juniper_right_9
IMG_00217.tif,1,2.0,21.11771125977069,21.14258361890211,22.0906375497396,22.1148272630055,23.10717494575112,23.12965400963965,1.0755520909448013,0.911518299792742,-2.827328815814075,-2.68009883186774,24.0,14.643374877644746,15.188150187057031,14.518647709440131,16.29662234757737,83.80034821944868,84.49681196169195,75.45988791668603,24.0,1.0,14.5,24.0,18.15597994449845,18.43190414636709,14.154655514046112,19.354766487206035,21.022932566801003,12.564608085899128,16.793770326350064,8.458324480901876,20.17710011871081,74.67640803603523,73.089805515999,58.86596596611279,0.7567878899420806,73.16912972085386,21.022932566800968,16.791462632749777,73.16912972085386,73.099561136296,20.974274767378216,21.01806239737274,20.974274767378216,20.492610837438423,15.225,juniper_right_8
IMG_00218.tif,1,2.0,19.02977407667183,19.030683735878128,20.0389502966318,20.04294130865469,21.04716353433518,21.057608958072404,1.1041195679699596,0.92280565422432,-2.941932904242902,1.1434195875133637,22.0,13.335700687099973,12.475556347717893,13.694682882088983,13.918691700439725,107.72080962136602,107.01254437805508,107.01254437805508,22.0,1.0,12.5,22.0,14.579108944117678,14.591991370323656,7.193023440716416,14.591991370323656,16.43408688186854,6.423800734435043,11.428943808151791,10.010286147433495,15.43305826712519,102.9385509944803,96.01403297713394,67.24851981617151,0.8392804731396547,103.11986863711002,16.43408688184809,9.521365476598064,103.11986863711002,115.01604130326864,19.15708812260537,19.06951286261631,19.244663382594418,19.507389162561577,15.225,juniper_right_8
IMG_00219.tif,1,2.0,20.7754936674347,20.78115396306868,21.93757803575368,21.943096816867417,23.136299181575907,23.14146777012346,1.082840997471999,1.2774728095827812,-2.3704437030517505,-1.2850480234028834,16.0,21.440754510548945,21.636021729627988,21.42958878083664,21.2426960953579,58.55059069433763,58.57509914544337,58.75398771510272,16.0,1.0,19.5,16.0,22.96483894816825,23.23834694731883,21.081926458669383,18.7519456705914,25.6527776174772,19.18843692047528,22.42060726897624,6.464340697001923,25.006343547777007,54.8333754653716,54.45999669457153,47.97971418550055,0.7841292044200936,55.43513957307061,25.65277761746232,21.984425426101296,55.43513957307061,55.4853673967605,20.974274767378216,20.82101806239737,20.689655172413797,20.623973727422005,15.225,juniper_right_8
IMG_00220.tif,1,2.0,21.428980881341086,21.436030982951344,22.30438503307474,22.32169848452135,23.207726748193533,23.24352339671724,1.0736908113206838,0.7338016024452069,-3.9996286132416983,-2.256804365659577,39.0,16.338413925049338,16.115476300767664,16.361965209250144,16.44228291041219,85.6613531727363,85.7146863199648,85.6613531727363,39.0,1.0,15.5,39.0,16.122951412743816,16.122951412743816,16.233007266490404,16.39320294629192,15.124191502083889,16.756034095654286,15.940112798869087,-1.6318425935703986,15.287375761440927,78.03874594668186,77.97130958328285,82.07151281739901,0.8910346781558462,93.0049261083744,15.124191502074614,14.779695523909648,93.0049261083744,83.94038137657878,21.21510673234811,21.41215106732348,21.499726327312533,21.60919540229885,15.225,juniper_right_8
IMG_00221.tif,1,2.0,19.3159026722487,19.355131736029183,20.47105347815822,20.511762649104817,21.61546726465412,21.657573155007043,0.6707335558999631,1.6317078630778954,-2.020537649855636,-3.6103900356513217,39.0,11.186695323805736,11.305064194105666,11.305383324089236,10.90772918374671,87.67146633973012,87.6694508238401,89.3197999860395,39.0,1.0,10.5,39.0,12.240240640318234,12.240240640318234,14.157225367499876,11.8157367709112,11.418775355131682,14.648516690596567,13.033646022864126,-3.229741335464885,11.74174948867817,86.1023421392236,85.66309112741637,97.58134745813864,0.8402946602657101,86.56814449917898,11.41877535513304,13.181382245758572,86.56814449917898,84.71969866643433,19.354132457580736,19.288451012588947,19.46360153256705,19.507389162561577,15.225,juniper_right_8
IMG_00222.tif,1,2.0,19.005219448041085,19.011946582448104,19.940066316286327,19.94913828358668,20.87676833965026,20.88765663708686,0.8332320273778452,1.042478027260919,-1.892683765653053,-1.7279960978457067,28.0,17.205641639282405,17.33946752306424,17.381607659029584,17.381607659029584,65.50949399279736,64.8000909644474,64.8000909644474,28.0,1.0,16.5,28.0,16.964585921392597,17.55252081177855,17.095647058018926,16.199472873622312,18.46018251641052,15.444131501092793,16.952157008751655,3.016051015317724,18.158577414878746,65.35094316086776,65.18040365282933,60.0193204580267,0.7367294380252946,66.07553366174056,18.46018251640963,16.91091339462035,66.07553366174056,65.33471052552082,19.025725232621784,19.06951286261631,19.047619047619047,19.047619047619047,15.225,juniper_right_8
IMG_00223.tif,1,2.0,17.163930464653717,17.17621603389138,18.20468712808137,18.2149086832678,19.223200592958737,19.231265739088027,1.1014890224795155,0.9535606827171362,-4.310954905140271,-1.9195654797171136,18.0,14.54170500696263,14.501783948842624,16.310162568235313,16.73671488599743,74.76755514081785,66.04667207559854,65.28516225964374,18.0,1.0,15.5,18.0,16.751564400584357,15.198362851056714,14.741281486901611,15.198362851056714,18.38094714243849,12.64295298405614,15.511950063247316,5.737994158382357,17.80714772660026,64.84615294695793,64.10765920541547,54.37072718295,0.8389260733214078,69.49096880131363,18.380947142414264,14.219367759689504,69.49096880131363,69.79830102771764,17.142857142857142,17.186644772851672,17.230432402846194,17.339901477832512,15.225,juniper_right_8
IMG_00224.tif,1,2.0,16.28285182474658,16.288378105657728,16.93539893015718,16.93963822281381,17.615009735261598,17.617969333209114,0.7329127317157003,0.5966784958356856,-2.347915425692609,-1.2818621429386587,20.0,16.719401161228944,16.709040386000424,16.731335319826798,15.559891255328836,58.47081621950653,57.85413576892982,62.67474875657729,20.0,1.0,15.5,20.0,17.15171301368821,16.82660043857217,15.48457121648744,16.850468755767878,17.956402534541155,15.27149938669251,16.613950960616833,2.684903147848647,17.687912219756292,57.05682850763333,56.93396141259911,52.80250629445082,0.7612706301885915,61.60919540229885,17.956402534528927,16.12669908729016,61.60919540229885,58.60641677582809,16.31089217296114,16.37657361795293,16.354679802955665,16.683087027914613,15.225,juniper_right_8
IMG_00225.tif,1,2.0,21.03563059131408,21.03814776162722,21.85840133094504,21.859953288961197,22.68018555437988,22.681091888240648,0.903418160002049,0.7395259666113814,2.890829448834166,-0.6827403479237341,24.0,9.581593049995178,10.24127909831911,10.257536735763068,10.257536735763068,111.50038189098672,91.94913012657352,89.41948941797756,24.0,1.0,8.5,24.0,12.028130008353486,11.89404344164987,8.708562368877807,12.795052160339251,14.980461534069685,5.94208701600907,10.461274275039376,9.038374518060612,14.076624082263622,123.96533271252916,115.85655894275811,81.3811375545187,0.7321788395886404,85.2545155993432,14.980461534090844,12.131079533800612,85.2545155993432,100.10130332024656,21.39025725232622,21.12753147235906,20.908593322386427,20.886699507389164,15.225,juniper_right_8
IMG_00226.tif,1,2.0,23.217431603133605,23.258899624078506,24.261081511184884,24.29466381363755,25.36383643514821,25.383970837242376,1.1365222712934389,0.9885489418704352,-8.037827507295988,-3.01291900721384,26.0,17.24466304333164,17.229508752641877,17.60248557151212,18.224264786449,94.62229187351647,92.56294154280312,92.46519618839892,26.0,1.0,16.5,26.0,18.029238770666325,18.029238770666325,15.910940800911362,18.815632729485827,19.534567751029208,14.89249938479225,17.21353356791073,4.642068366236958,19.070360914405512,78.66720560892081,78.19441858180379,69.20471555586491,0.764300499019407,99.96715927750412,19.534567750987,14.84838690857719,99.96715927750412,90.29956808743248,23.273125342090857,23.273125342090857,23.295019157088124,23.382594417077176,15.225,juniper_right_8
IMG_00227.tif,1,2.0,23.25217550288969,23.25994054274681,24.236676383470243,24.24244183194194,25.277094037447768,25.279273899949537,1.1076943077358803,0.9116390494668416,-2.961798119715289,-1.2496103227875002,18.0,21.435145099546688,21.68816616011753,21.482784965426475,21.3875052336669,65.75514318780525,64.63748161947683,64.42418667815575,18.0,1.0,20.5,18.0,22.484655425867142,21.993552457136133,21.417739222545947,21.993552457136133,23.83776637167402,19.61405313696308,21.72590975431855,4.223713234710944,23.415395048202928,62.98192310867735,62.78728189022082,57.50802937947148,0.7660747381700566,66.60098522167488,23.837766371653007,20.94170937819548,66.60098522167488,65.02687086562322,23.360700602079916,23.295019157088124,23.185550082101805,22.922824302134647,15.225,juniper_right_8
IMG_00228.tif,1,2.0,18.4610443243832,18.46399142129846,20.14451751928015,20.146983651827245,21.74713725721441,21.75055538217049,2.2713000767192013,1.0152638841528283,-1.858361365448648,0.8964895898163033,31.0,10.3246928458951,10.43818092005978,10.74113381439031,10.74113381439031,85.5550893038372,83.39714891939944,83.39714891939944,31.0,-1.0,9.5,31.0,10.953900095454742,11.020059433293056,9.77741621117923,11.446503234993544,11.989029239415318,8.416532420890926,10.202780830153122,3.5724968185243924,11.63177955756288,105.31738756419344,104.2366249868826,88.88553869059851,0.8401520923548866,80.0,11.989029239428536,11.551275805799428,80.0,92.20560496700656,18.500273672687467,18.52216748768473,18.58784893267652,18.85057471264368,15.225,juniper_right_8
IMG_00229.tif,1,2.0,22.37969024698451,22.384528346792187,23.74701775104917,23.76091639411847,25.14873206497001,25.177872175113016,1.3975668457287926,1.3957769825920368,-1.1450331441083423,1.959807475803061,22.0,8.953799059252276,10.054627120485597,9.096784257833804,12.769052324967674,125.28638551846775,120.99926128894968,89.12646858359841,21.0,-1.0,11.5,24.0,13.354806878272823,14.629890046789626,6.104742497889561,14.938220057419471,16.082561600310157,3.994757191218041,10.0386593957641,12.087804409092117,14.873781159400943,148.47576688593375,128.4140400928755,80.80286088740206,0.8456070758082609,84.82758620689653,16.08256160032242,10.913931888291064,84.82758620689653,118.22579855117696,22.463054187192117,22.38916256157635,22.36453201970443,22.38916256157635,13.533333333333337,juniper_right_9
IMG_00230.tif,1,2.0,19.59522604745967,19.598548330560643,21.02681159535192,21.03120592070191,22.383509196133765,22.386082134732565,1.8544538738042025,0.933079930367724,2.1376433725802597,1.1712759037256644,26.0,17.793945555434362,17.85620656198416,17.822844888028754,19.273655400877917,66.56925490614877,66.28324482179997,59.94965056170205,26.0,-1.0,17.5,26.0,18.038323294350448,17.648011584638454,19.71080512783695,18.30158565580973,16.76292904766574,20.933522422669093,18.84822573516741,-4.170593375003354,17.179988385166073,60.879715824321536,60.634473536175165,67.91913575806069,0.8119437723079522,75.51724137931032,16.762929047652875,18.08832635810076,75.51724137931032,63.09115788526309,19.876847290640388,19.605911330049256,19.53201970443349,19.58128078817733,13.533333333333337,juniper_right_9
IMG_00231.tif,1,2.0,21.394960577661816,21.401688077322863,22.33156523594665,22.340288449336537,23.24837105334833,23.267475690591247,1.0500884193615925,0.8156991939067847,0.2555411087286054,1.6012001529899975,30.0,13.402769134256417,13.638299751324176,13.57198407660846,13.77143050798182,87.68616814310161,85.73528413304979,85.20116292114336,30.0,-1.0,12.5,30.0,13.595583951099684,13.7950303824731,13.567490084017097,13.7950303824731,13.774553209239832,13.61444308227636,13.694498145758097,0.1601101269634708,13.758542196543486,90.39069156190624,90.38967020911474,89.8744148061057,0.6607700377174015,90.77175697865351,13.77455320925078,14.2732540723716,90.77175697865351,86.79610731805045,21.21510673234811,21.346469622331693,21.346469622331693,21.21510673234811,15.225,juniper_right_8
IMG_00232.tif,1,2.0,16.681610663932485,16.696516706105815,17.784575828230462,17.800083108379248,18.832760607171235,18.844188628852308,0.9742871954747592,1.1733847272717344,-1.1131448469397394,2.3918060831956462,23.0,13.28274075012976,12.762694916832013,13.465962427055302,14.34196767302413,64.983720869959,61.471712494955646,60.38073476444228,23.0,-1.0,11.5,23.0,15.228035944068068,15.228035944068068,12.434508062415716,13.151041826815684,16.256776454184752,11.694769760689324,13.97577310743704,4.562006693495428,15.80057578483521,69.73922981421296,69.12072289767691,59.631719184897214,0.8398275956154994,57.01149425287356,16.25677645420203,15.29993234404722,57.01149425287356,63.26348255953303,16.5736179529283,16.70498084291188,16.683087027914613,16.223316912972084,15.225,juniper_right_8
IMG_00233.tif,1,2.0,17.84646840041441,17.899721557758895,18.81639508213452,18.877179139856235,19.812230816978115,19.87993500198287,1.0080366548353303,0.9721767893886384,4.067381403793286,4.599181297812926,13.0,17.951581412441584,17.538924976694812,18.0118804969718,18.0118804969718,56.89721319673382,56.79232355484409,56.79232355484409,13.0,-1.0,16.5,13.0,18.384993598561152,18.384993598561152,18.31059252632832,18.94002108459344,18.67554705190776,18.5226155250519,18.59908128847983,0.1529315268558578,18.660253899222173,55.95721201317753,55.956901651553686,55.73591205517603,0.8087555004159397,57.93103448275862,18.675547051909295,18.626404220578102,57.93103448275862,55.8777247499699,17.952928297755882,17.931034482758623,17.887246852764093,17.79967159277504,15.225,juniper_right_8
IMG_00234.tif,1,2.0,13.769102228087164,13.774149910061098,14.641883223324225,14.647021906036004,15.515501198253988,15.52076126606604,0.6939660428571107,1.0526453131478322,-1.0379232099163416,-1.5177546221149756,11.0,17.266415116705048,17.140779659076543,17.266415116705048,17.266415116705048,45.31048326954661,45.31048326954661,45.31048326954661,11.0,1.0,15.5,11.0,17.141440171152595,17.141440171152595,17.20718437641918,13.404125692616477,19.25018112098511,15.469153240823225,17.359667180904168,3.781027880161886,18.87207833296892,46.334856473355536,46.153567174878695,41.768454027749016,0.729382219270163,44.15770609318997,19.250181120998327,17.645915030164893,44.15770609318997,45.428124496208405,13.98745519713262,13.799283154121866,13.715651135005976,13.862007168458783,15.94285714285714,juniper_right_7
IMG_00235.tif,1,2.0,17.091488843162928,17.09152563247741,18.219909461265814,18.219917704559435,19.52600597755443,19.526015347253505,0.6488127135738997,1.7856770012021967,0.1813011108174235,-0.0545022994725261,15.0,19.17468125920354,19.38851990880445,19.85931445928057,19.88605065503248,52.72813509300529,50.743618241785065,50.14778172413382,15.0,1.0,18.5,15.0,20.34855970061525,16.619729553169606,19.53010098911446,,23.83624060681914,16.745564737625575,20.29090267222236,7.090675869193564,23.127173019899782,49.78656620629949,49.2851205029754,42.29253443132146,0.6030673786293254,48.548387096774206,23.836240606858905,20.60559987295513,48.548387096774206,48.564412329468944,16.977299880525692,16.998207885304662,17.08183990442055,17.186379928315414,15.94285714285714,juniper_right_7
IMG_00236.tif,1,2.0,21.60119332954997,21.62032302795996,23.060935006767654,23.08316043198058,24.53600686475108,24.560680790376107,1.247028364231458,1.6933293981846822,-4.5107426397516095,-2.5144898510803246,21.0,15.619431807652774,15.526596690136945,15.619431807652774,16.264403432123913,85.10986585690044,84.57808572144498,80.09953880012436,21.0,1.0,15.5,21.0,16.745410091388948,17.994481179929153,16.28080955138597,16.745410091388948,17.53798359805106,15.955065098566608,16.746524348308835,1.5829184994844538,17.379691748102616,74.92547649689928,74.87035611830552,71.59073496866188,0.7456672324766566,85.7142857142857,17.537983598031264,15.365673900434867,85.7142857142857,81.41419024348693,21.60098522167487,21.477832512315267,21.625615763546797,21.502463054187185,13.533333333333337,juniper_right_9
IMG_00237.tif,1,2.0,27.888994869349776,27.89504296197099,29.10199175946792,29.105882145107365,30.345767283299452,30.3479258923962,1.023759017592866,1.4291239128323494,-2.803734532990535,-0.936803298620407,21.0,23.44968864409645,23.717133322562223,23.20970575816796,23.44968864409645,71.98380463540629,74.46406397528612,71.98380463540629,21.0,1.0,22.5,21.0,26.119191739504743,26.53012025294703,22.676162468268277,,27.66426967543893,20.868159808155223,24.26621474179708,6.796109867283711,26.984658688710564,68.27208935958517,67.83527566879857,60.04596299503742,0.5755787523440581,70.27914614121511,27.66426967540268,23.49971740235153,70.27914614121511,69.91626407285015,28.02408319649699,27.887246852764097,27.859879584017516,27.832512315270936,12.18,juniper_right_10
IMG_00238.tif,1,2.0,23.26663807041213,23.269963552939704,24.032880101094637,24.03637452168135,24.825396739528507,24.829329182338878,0.7162933903366863,0.843072239062479,-4.017160005364004,-0.977003227367389,36.0,15.075149246056569,14.512818858112462,15.377374869776132,16.68952506507631,110.15608476712175,106.53794873818416,88.17217645364995,36.0,1.0,14.5,36.0,13.493584357552294,14.935702877803209,17.251636890054897,17.084626921957664,13.055540944980187,16.79093421931257,14.92323758214638,-3.735393274332385,13.429080272413426,90.73950287631612,90.26835146876924,102.90746507417668,0.7716322415862463,123.08702791461413,13.055540944958834,13.309438958158848,123.08702791461413,100.97878067875342,23.2512315270936,23.2512315270936,23.22933771209633,23.448275862068964,15.225,juniper_right_8
IMG_00239.tif,1,2.0,18.613305256799165,18.614199071560403,19.720460443914344,19.72575671413753,20.851571263509808,20.86202834384082,1.1088324535077485,1.13899681877267,-2.9002197033294945,-1.3277477657749046,23.0,12.477679664913666,12.1894505185259,12.259928153109255,12.259928153109255,97.8687212973518,97.8687212973518,97.8687212973518,23.0,1.0,12.5,23.0,12.606988139125916,12.606988139125916,10.04485164409192,12.606988139125916,12.837978922324949,12.578615546611006,12.708297234467976,0.2593633757139424,12.812042584753554,84.57099460751986,84.56807897267439,83.72795034413173,0.7963841730372199,97.07717569786536,12.837978922303073,11.365401695752189,97.07717569786536,94.404809062416,18.741105637657363,18.631636562671048,18.58784893267652,18.58784893267652,15.225,juniper_right_8
IMG_00240.tif,1,2.0,20.315007419936613,20.315376483588487,21.41267327924407,21.413065451385272,22.55015237953764,22.55047308554199,1.0534983099547746,1.181598291998733,-2.257192746281109,-0.3467665842307072,16.0,18.851031494323426,18.910964135227776,18.68712695120428,18.601146366761554,68.39818718303707,68.61357713831235,70.26630541949777,16.0,1.0,17.5,16.0,18.810880299809327,18.810880299809327,18.7969494059594,19.4059295082628,20.08032849383684,17.212015183691545,18.64617183876419,2.868313310145293,19.79349716282231,63.6463193805009,63.52257836191349,59.153578480938464,0.7442154578614254,72.2495894909688,20.080328493809557,17.628380561465736,72.2495894909688,67.06344237431999,20.36124794745485,20.295566502463053,20.251778872468527,20.098522167487687,15.225,juniper_right_8
IMG_00241.tif,1,2.0,20.43455469141329,20.512521106343385,21.66292137867629,21.73785528756221,22.93975427900675,23.0092732628712,1.7178224149135528,0.7789297416142597,-2.3603433526546564,-4.7587546418049245,21.0,12.681928797227386,12.368139648995385,12.664189825465629,12.45714397963846,86.12525634164463,84.2276786097162,84.09247982873026,21.0,1.0,10.5,21.0,14.186991912544444,14.2031826918776,12.660471579877168,14.186991912544444,15.52304980614329,10.529635860912622,13.026342833527956,4.993413945230667,15.023708411620223,91.93637411418676,90.80735150586382,76.47943874890284,0.8020126169255561,74.74548440065682,15.523049806165242,14.243066030023934,74.74548440065682,83.19062306667357,20.645867542419264,20.426929392446635,20.47071702244116,20.755336617405582,15.225,juniper_right_8
IMG_00242.tif,1,2.0,22.124727248183323,22.13469002667333,23.12544697331235,23.13643491157845,24.143600365540465,24.15564351608707,1.0620514072434568,0.9589020821702872,-4.279455762082555,-1.7658943022942508,15.0,22.851968023221104,22.52095443273387,23.35407452286759,23.717024882582336,62.296586193147,58.10931322037772,57.92578825692322,15.0,1.0,21.5,15.0,24.04333551865267,21.65939483201757,23.680385158937924,20.81270143621313,22.21091770337289,24.608852113156825,23.409884908264853,-2.39793440978394,22.45071114435128,55.67458491058727,55.62707265129056,58.46554516778736,0.8701780844822856,65.68144499178982,22.210917703343792,21.96656416987028,65.68144499178982,59.0831938914758,22.27695675971538,22.112753147235903,22.03065134099617,21.92118226600985,12.18,juniper_right_10
IMG_00243.tif,1,2.0,19.79719920450777,19.79894502212592,20.89924364461787,20.901806230183954,22.067640206828944,22.070256371325428,1.22213620606552,1.0491751431339895,0.6973334239308772,0.8972001687332539,15.0,21.13622107297175,20.64178180151409,21.12335948475919,21.95422501986769,54.15225107260349,54.26800418251946,52.96050879421607,15.0,-1.0,19.5,15.0,22.3969146125786,22.44499426908527,21.61412873397677,22.59528459019299,21.91990984664383,20.196152701456548,21.058031274050187,1.7237571451872813,21.7475341321251,55.12438015654416,55.09420259118951,53.02850732572948,0.7669969149538413,55.960591133004925,21.919909846637054,20.844422621521485,55.960591133004925,55.63327953587471,19.857690202517787,19.857690202517787,19.835796387520524,19.967159277504106,15.225,juniper_right_8
IMG_00244.tif,1,2.0,21.302027930228554,21.304704911950925,22.18038104900792,22.18386855874661,23.08009923667366,23.084020394991896,0.9857353621765248,0.793580120864448,-1.8703720575246312,1.0159735294804728,26.0,9.3886253394938,9.657571524762789,9.58670652375696,9.58670652375696,111.67512648724065,111.48164835756116,111.48164835756116,26.0,-1.0,8.5,26.0,10.735200121026992,10.94437100380486,8.664730596779862,10.785011541078743,12.550439513686287,6.908921137631242,9.729680325658764,5.641518376055045,11.98628767608078,129.77020884448555,126.06131400059242,98.04167773889247,0.8590180747635199,96.1576354679803,12.550439513697404,10.96478599150598,96.1576354679803,112.0069684503372,21.32457580733443,21.2807881773399,21.23700054734537,21.149425287356323,15.225,juniper_right_8
IMG_00245.tif,1,2.0,23.550738773464158,23.5521138392806,24.536658338418,24.53807962557021,25.575758806100783,25.576096852174352,0.972975505406959,1.0510075074867948,-4.146795509926903,0.6166806989040025,26.0,11.8536386243222,11.269021289689263,11.521747085848972,10.8249264874936,145.33217775012713,155.21245680206937,160.60067012963256,26.0,1.0,10.5,26.0,13.06074659252542,15.08304942954726,9.667268899647894,16.1046798151869,16.644449155510355,5.915838708276048,11.2801439318932,10.728610447234306,15.571588110786925,130.84174338419717,120.3452417415148,82.18463381480385,0.7249047359865681,138.0623973727422,16.644449155459295,8.845182706253466,138.0623973727422,153.09253005477285,23.557744937055283,23.557744937055283,23.579638752052546,23.77668308702792,15.225,juniper_right_8
IMG_00246.tif,1,2.0,19.63879076273704,19.64784601948677,20.612372601332165,20.61739816884518,21.614955065731696,21.61745097844984,1.131472049215113,0.8381329097479556,3.313323524186164,1.2650919116406727,22.0,19.730412444196247,19.834063535883388,20.20715562225629,20.526424880916775,60.780178002503526,60.33043706518095,59.57128758654666,22.0,-1.0,18.5,22.0,21.04735064322921,20.860279346620445,19.726683938879745,20.60553346178625,22.15803513764118,19.07905051471912,20.618542826180143,3.07898462292206,21.85013667534897,55.83511363306647,55.73319270954613,52.03629294127179,0.8346142972295428,61.21510673234811,22.15803513761736,19.664749472706788,61.21510673234811,58.32157503234775,19.660645867542417,19.660645867542417,19.61685823754789,19.573070607553365,15.225,juniper_right_8
IMG_00247.tif,1,2.0,15.904169177385851,15.904179882093096,16.6723813991084,16.673133985862133,17.488195209570414,17.49114575968429,0.9427259640782808,0.644239913512919,1.04005399311806,0.5443884830086185,22.0,14.102335264763369,14.25252627749713,14.624254018020594,14.624254018020594,67.0114363893493,65.98130329475916,64.98689070419306,22.0,-1.0,12.5,22.0,14.902249436465354,14.902249436465354,14.27661966066674,14.902249436465354,16.42432313477525,12.812576922112326,14.618450028443789,3.611746212662923,16.063148513508956,63.33245163696136,63.01196012776333,56.24436210237784,0.7887532968319734,68.83415435139574,16.42432313476356,13.992663669605388,68.83415435139574,65.76994764911484,15.938697318007662,15.873015873015872,15.873015873015872,15.632183908045976,15.225,juniper_right_8
IMG_00248.tif,1,2.0,18.89873964956589,18.90182035847078,20.221937758572363,20.22421692398076,21.579528705220778,21.580755855987704,1.6095693861594993,1.06936611135743,3.118577805639468,0.8601887808386882,16.0,17.090119946448937,16.685756623240593,16.647421881924686,15.258588027616014,68.36673299214216,72.59323291594406,77.77280338147516,16.0,-1.0,15.5,16.0,16.60474658299728,17.047288458318036,15.034550111280083,16.60474658299728,16.328410759626586,17.15215135959186,16.74028105960922,-0.8237405999652733,16.410784819623114,65.59447118180158,65.58139896672046,67.18889786924632,0.6971068261304867,72.64367816091954,16.32841075959514,15.71956378777987,72.64367816091954,69.72177852457926,18.894362342638207,18.98193760262726,18.91625615763547,18.91625615763547,15.225,juniper_right_8
IMG_00249.tif,1,2.0,16.674849648682834,16.676526139380414,17.41372442746335,17.41491660691644,18.16131195425611,18.16194135923005,0.75578522000587,0.7296299998437662,5.3051387835921,0.6704250368797638,18.0,20.714398038755007,20.8593886517789,20.651512377259763,20.107525107445557,52.46248849872299,54.856751508660686,56.78295731896716,18.0,-1.0,19.5,18.0,19.9293268726932,20.473314142507405,21.952877194639623,19.63127413285585,19.03416602153421,22.693229222730825,20.86369762213252,-3.6590632011966098,19.400072341653875,46.88013271279371,46.76208643163046,51.065627164193714,0.6266894792438855,58.06239737274221,19.034166021470664,18.706445243980472,58.06239737274221,51.92739706034928,16.72687465790914,16.72687465790914,16.66119321291735,16.551724137931036,15.225,juniper_right_8
IMG_00250.tif,1,2.0,19.397697734432903,19.417129901963385,20.65981467431084,20.683223904757952,22.000618792764115,22.024830969660872,0.9412945053473516,1.6664065623501338,4.455399740415698,2.7262335097375527,23.0,14.97467782520755,15.19072122157429,14.97467782520755,15.107658993539246,78.38774767669919,76.26213762502283,76.26213762502283,23.0,-1.0,14.5,23.0,17.395520490316983,17.82720616444493,15.987887993528346,17.395520490316983,18.85737797851834,14.651450049426142,16.75441401397224,4.205927929092199,18.43678518560912,67.54381250589512,67.1920328598655,59.92771773972832,0.8105062021072915,76.45320197044335,18.857377978487182,15.301884557366002,76.45320197044335,73.3956018320899,19.288451012588947,19.33223864258347,19.441707717569788,19.441707717569788,15.225,juniper_right_8
IMG_00251.tif,1,2.0,13.223265202974568,13.225313325577826,14.129710374320531,14.131579531608113,15.112002586669654,15.112858108628927,0.9619764558718744,0.9255683271792288,-5.3194354881501225,-0.9319014510048054,12.0,23.11224853343012,22.49278423146235,23.058409919232588,21.822493700668844,37.79328809934129,37.96879918333303,37.96879918333303,12.0,1.0,21.5,12.0,23.032853563434173,,21.689260116475367,,26.934420121535677,17.000331184939352,21.96737565323751,9.93408893659632,25.94101122787604,35.910008092211115,35.30272648183979,29.15421204923367,0.4329139668586811,41.9624217118998,26.93442012124729,19.878457738045725,41.9624217118998,38.83819024290334,13.235908141962424,13.215031315240086,13.152400835073072,12.839248434237998,15.966666666666663,juniper_right_15
IMG_00252.png,1,2.0,18.821924095997705,18.839461648431964,19.924667012708092,19.946947574454548,21.048534157699684,21.080315402778638,1.3970545188366386,0.8437992355100302,-0.1795927105786904,-2.708338283910388,12.0,14.108549061877085,15.291976122963368,14.137446534354352,14.644658144231071,70.87760277626982,69.0022090755769,67.69047956476976,12.0,1.0,12.5,12.0,14.148345875969426,14.713352430800684,18.378437538280707,,13.586718281554065,16.713432215897278,15.15007524872567,-3.126713934343213,13.899389674988386,72.32020531305058,72.06535611663554,80.17371317499517,0.7005819921366647,73.06666666666666,13.586718281613086,16.262139829414185,73.06666666666666,67.25704001104705,18.95555555555556,18.88888888888889,18.933333333333334,19.0,15.0,lumify_png
IMG_00253.png,1,2.0,22.707464544916217,22.708246764351635,24.147882518868688,24.147888346341425,25.56968192347403,25.571295907861103,1.4655261657740852,1.3975229777353868,-8.993347690741349,-0.0398050509911168,12.0,17.86494618887194,18.25068119723199,18.770227690794968,18.770227690794968,131.2338715729839,127.64105000186044,127.64105000186044,12.0,1.0,18.5,12.0,19.0133697412208,19.0133697412208,14.767113422692631,19.0133697412208,21.92390384799869,12.52678032620314,17.225342087100916,9.397123521795551,20.98419149581914,78.4188079548093,76.45922790141628,60.64123779003696,0.6627939511531165,114.02985074626864,21.923903847788424,12.369313900179856,114.02985074626864,105.6985127513888,22.786069651741293,22.860696517412933,22.71144278606965,22.686567164179102,13.4,lumify_png
IMG_00254.png,1,2.0,18.51568914377524,18.53723209008843,19.53395788146436,19.54515064076836,20.589912144234237,20.594042737171076,1.250266819780923,0.8065438273017147,0.1710308488949161,-1.9391322488694611,10.0,16.117134172137938,16.439280423852257,16.635468725628442,16.222748205822768,58.46157784180299,57.27656170060355,58.32443002280889,10.0,1.0,15.5,10.0,17.657310487456357,17.964340975352513,16.76733840879635,19.86736353628953,18.463327378007037,16.094440170776814,17.27888377439192,2.3688872072302187,18.22643865728401,62.47574159288694,62.37906959471089,58.503811002802905,0.7708076570295191,55.34883720930232,18.463327378052767,18.2347522280566,55.34883720930232,59.21176838020401,18.50775193798449,18.527131782945737,18.527131782945737,18.6046511627907,17.2,lumify_png
IMG_00255.png,1,2.0,25.57346610347431,25.57396410853801,26.70764456716635,26.70764533839246,27.89316794697157,27.893232719392135,1.2593358990755288,1.0599327117785944,1.9732451984986936,0.013769262901615,15.0,18.261745838589466,18.585096810539277,18.261745838589466,18.261745838589466,77.07709840249014,79.65640792775007,79.65640792775007,15.0,1.0,17.5,15.0,17.449128209941364,16.24116278085131,19.947787472397778,,14.156038272452468,21.17981083564181,17.667924554047136,-7.023772563189338,14.858415528771404,85.36872903937939,84.24795864848753,104.55048093101578,0.5971645714206739,81.04651162790698,14.156038272507796,19.128009413232284,81.04651162790698,78.03114258459058,25.69767441860465,25.63953488372093,25.58139534883721,25.63953488372093,17.2,lumify_png
IMG_00256.png,1,2.0,20.22333263878209,20.224586921637734,21.39556727052717,21.396864638681905,22.577324122126264,22.57855096550875,1.1434310946410209,1.2105329492300054,-5.784812879115384,-0.6309520733355624,9.0,17.72177260197182,18.12144959542148,17.72177260197182,18.556363877718525,74.99355082536256,89.4815325175197,74.99355082536256,9.0,1.0,17.5,9.0,17.916059249881982,17.916059249881982,19.000544991063972,17.916059249881982,16.404580262765048,22.75890493975721,19.58174260126113,-6.354324676992164,17.040012730464262,60.77193000496038,60.24405054783762,71.49284195416418,0.5929604593218178,97.67441860465117,16.4045802624075,16.91124948154487,97.67441860465117,69.4106786958694,20.31007751937985,20.29069767441861,20.251937984496124,20.348837209302328,17.2,lumify_png
IMG_00257.png,1,2.0,18.95755577498242,18.968695412985145,20.19120208782373,20.200584499678552,21.405707154975453,21.41464503668645,1.0452283326872565,1.4007212910140527,-3.546409440981387,-1.7463436916231472,12.0,24.04219066699875,23.633318391278085,23.594376328328224,24.490005005669275,48.85466927652031,49.659631775139765,48.049706777900845,12.0,1.0,22.5,12.0,22.955435857461595,22.955435857461595,25.01468006198149,21.982473677834435,20.89073663164885,27.04932213846723,23.97002938505804,-6.158585506818382,21.506595182330685,46.900993668173705,46.6485059164539,53.14653889053076,0.6428468103801266,53.83720930232558,20.89073663161171,23.48417533811045,53.83720930232558,47.557249069058095,19.031007751937985,19.011627906976745,18.934108527131784,18.895348837209305,17.2,lumify_png
IMG_00258.png,1,2.0,27.333385233577747,27.36915842935449,28.467001304248143,28.50343201324987,29.63301644086752,29.666408560954,1.0352449339744767,1.262005197625025,-5.779673219868489,-2.897137661128836,10.0,30.103623891785787,29.961844755802783,29.88403898189958,28.61370330859276,56.50640149457456,56.64258594821554,57.96935753698119,10.0,1.0,28.5,10.0,31.8805617760234,31.912241179406838,29.809578798411536,31.912241179406838,33.82094290762664,27.130473358629324,30.47570813312798,6.690469548997312,33.1518959527269,54.0044879890788,53.795642590785306,49.01856126693847,0.5649316549844651,57.5206611570248,33.82094290751685,28.87647230107164,57.5206611570248,56.49701235972103,27.46556473829201,27.410468319559232,27.327823691460058,27.272727272727277,12.1,lumify_png
IMG_00259.png,1,2.0,16.582690213658825,16.594609669227086,17.74156718756951,17.75375679216189,18.939286255012263,18.950098725920373,1.1785914002256734,1.1768976564676097,-2.788354337753431,-2.123303902572052,9.0,24.562971800587093,24.39766973538536,23.937472996694567,23.937472996694567,39.57028622248716,40.35991734158677,40.35991734158677,9.0,1.0,23.5,9.0,25.0361505319176,26.675743291909757,24.410651728025076,,25.31279114349937,26.23610875142875,25.77444994746406,-0.9233176079293772,25.40512290429231,38.12454621398221,38.12058987577456,38.768762320845646,0.4910324324387348,40.266666666666666,25.31279114339776,25.22955463091947,40.266666666666666,38.88825028586376,16.644444444444442,16.6,16.555555555555557,16.6,15.0,lumify_png
IMG_00260.png,1,2.0,20.4828370225935,20.488523070390144,21.59551742841261,21.604074404803423,22.69632272516782,22.704624844427197,1.3136548296384658,0.9024469443985872,-1.282615056229768,-1.612665520579933,15.0,18.56394669037371,18.237266451538147,17.92992202998434,17.588094507353787,65.44393599042834,67.63310675173615,68.99631223196704,15.0,1.0,16.5,15.0,16.47442241075842,18.81309017580938,18.111406605409485,,18.94784398084486,17.10009107547089,18.023967528157872,1.8477529053739687,18.76306869030746,66.26225393251823,66.2050275364812,63.08701564186526,0.6788583730361041,62.79069767441861,18.947843980856423,18.283873831916985,62.79069767441861,65.2954057568572,20.42635658914729,20.406976744186046,20.348837209302328,20.0,17.2,lumify_png
IMG_00261.png,1,2.0,21.610454902975043,21.61045798480825,22.431311992321454,22.4313588495798,23.255520514254748,23.25594048053119,0.63842898229696,1.0070535134259848,-2.330106149054905,-0.1171111784926848,10.0,14.311896396722233,15.254985880056408,17.956216965078312,18.32593305890154,92.8658182028862,78.11589594179908,75.63433168768482,10.0,1.0,16.5,10.0,18.139518082181382,18.139518082181382,13.211938909905683,,21.801949132874807,8.379171929102167,15.090560530988489,13.42277720377264,20.459671412497546,89.15604021196829,82.98640583266399,58.17223023618459,0.5726788291167783,77.73333333333333,21.80194913280368,13.84915650295454,77.73333333333333,90.2596159825274,21.57777777777778,21.62222222222222,21.666666666666668,21.666666666666668,15.0,lumify_png
IMG_00262.png,1,2.0,19.654173725274784,19.654351886559,20.805082493121954,20.805174169145253,21.970822650995704,21.97084672010439,1.2775749617187646,1.038919871826626,1.6596868668871172,-0.170090475390023,19.0,17.344602053561175,17.08001179524083,17.545793075062193,17.545793075062193,64.45792985704024,62.51289810157301,62.51289810157301,19.0,1.0,15.5,19.0,18.54976734658686,17.963589259659386,16.64178072211564,17.963589259659386,19.867283114880863,14.383855700454228,17.125569407667545,5.483427414426637,19.3189403734382,67.31201424012467,66.74046337896607,57.829285465433856,0.6300105655197306,58.25581395348838,19.86728311491951,18.077088091048843,58.25581395348838,63.33576301060231,19.63178294573644,19.63178294573644,19.63178294573644,19.53488372093023,17.2,lumify_png
IMG_00263.png,1,2.0,13.750144520782692,13.750507937353944,14.696087605223402,14.696180277606745,15.692050606548303,15.692064943392133,0.6204119238488897,1.3211450821893025,-1.685436849261719,0.2034748744668049,11.0,15.215626024349888,15.878404107002376,15.215626024349888,16.4291542414733,55.8448122524437,55.8448122524437,52.122505039457394,11.0,1.0,14.5,11.0,17.46781763925017,20.286003759658342,14.06749585892095,23.50239363309592,24.38807238058951,7.104182794740872,15.74612758766519,17.283889585848637,22.659683422004647,56.86741139622212,50.66546717773208,33.29829827137398,0.5216958995162205,46.04651162790698,24.388072380533377,14.589673433916392,46.04651162790698,54.58371400545504,13.62403100775194,13.74031007751938,13.74031007751938,13.895348837209305,17.2,lumify_png
IMG_00264.png,1,2.0,19.621861897832787,19.659439602591977,20.776510822467248,20.808179240542422,21.926469995619904,21.95153309707077,1.2106040245162444,1.081489469962551,-7.829929364154466,-3.161468584244276,9.0,28.371840511574817,28.62294627398517,28.371840511574817,28.371840511574817,43.21999329462099,43.21999329462099,43.353098715498376,9.0,1.0,27.5,9.0,28.61960415720941,28.61960415720941,28.54594682969247,28.508296341319863,29.402556946061527,27.88824780133402,28.64540237369777,1.5143091447275048,29.251126031588772,40.810630505554926,40.80146790279096,39.84113401641118,0.6649614420064851,46.66666666666666,29.402556945908835,26.414946686630003,46.66666666666666,43.967367519043535,19.73333333333333,19.711111111111112,19.64444444444445,19.6,15.0,lumify_png
IMG_00265.png,1,2.0,16.96462554883435,16.986615104587802,18.086582825995485,18.111709533571524,19.23930476850932,19.268364076345687,1.1377507734813883,1.1439981982764993,-2.9479612615183286,-3.0183939534340047,10.0,23.70508885450755,23.233266601679126,22.921849916095734,22.921849916095734,42.57739618641668,43.99664832715881,43.99664832715881,10.0,1.0,21.5,10.0,24.99765579063279,25.63233328016591,20.648546033810646,25.63233328016591,26.96717725553436,18.85274117783197,22.909959216683163,8.11443607770239,26.15573364776412,44.03982084566928,43.58637808353031,37.416165021852926,0.5878796787467393,38.95348837209303,26.96717725554108,23.10598960751061,38.95348837209303,43.23660535634941,16.976744186046513,17.015503875968996,16.976744186046513,16.976744186046513,17.2,lumify_png
IMG_00266.png,1,3.0,15.410226085020602,15.412208603433898,16.290243927462136,16.292095039339618,17.17924859594026,17.180716025346538,0.6842282363224739,1.084279185590165,-5.258983551392326,-0.8637133029361351,14.0,25.690807014048914,25.933348013161503,25.72507366411145,26.527948194418315,37.699605936396246,37.63409492242242,37.76511695037007,14.0,1.0,24.5,14.0,27.087727833696302,28.567856734343707,25.41115848719596,28.567856734343707,29.53012635733069,23.32818078262116,26.429153569975927,6.201945574709538,28.90993179985974,34.72223514634352,34.567265185697025,31.2155886792781,0.5646211996740407,39.73333333333333,29.530126357158917,23.979275095771136,39.73333333333333,37.85763033206106,15.488888888888887,15.422222222222222,15.377777777777776,15.466666666666669,15.0,lumify_png
IMG_00267.png,1,2.0,21.269104350926693,21.27301581407269,22.382183113957574,22.39325288328882,23.52199284597366,23.543430761982147,1.16471693570946,1.1056980121999975,-0.0306208486803528,-1.801632534189596,20.0,19.2354936421856,19.261100945366405,19.021781690374155,18.259770263861498,63.00223836262006,63.45327475047907,65.82485722473254,20.0,1.0,17.5,20.0,17.990204827400845,18.468409851034977,19.238174423092545,19.71970508034562,17.987682183474117,20.70376369487749,19.345722939175804,-2.716081511403374,18.25929033461445,64.31661571287468,64.2126127128969,68.88175589427776,0.7482875140912026,60.59701492537313,17.98768218348428,19.771591764150337,60.59701492537313,62.88308877763316,21.293532338308456,21.318407960199007,21.243781094527364,21.119402985074625,13.4,lumify_png
IMG_00268.png,1,2.0,19.98975252641992,20.004617577716854,21.2020468552902,21.22120832920267,22.43078603753614,22.453346971599892,0.7112450661603938,1.7374843277226435,-2.4783584975366177,-2.435004206580952,14.0,15.499133997224575,16.147945317279206,16.973220831413528,18.000576053125315,73.09961489793598,68.52365615029764,64.65172253809028,14.0,1.0,14.5,14.0,18.932624842744215,18.932624842744215,14.962815354725649,18.022016900972574,20.699728890130597,12.759950842209838,16.729839866170217,7.939778047920758,19.90575108533852,70.74283764765418,69.41088338982924,56.52685091922975,0.7228875586143118,64.32835820895522,20.699728890109142,16.129102882661957,64.32835820895522,71.92361392556886,20.049751243781092,20.0,19.97512437810945,19.92537313432836,13.4,lumify_png
IMG_00269.png,1,2.0,22.60341909926528,22.673870908453782,23.95266878174395,24.0927330012786,25.28934312782529,25.509139260227848,1.462491413531576,1.3727769382424893,-0.8404665997219251,-6.181143455361567,16.0,16.20383914724883,16.530410814726093,17.27569844903661,17.611817063592127,75.96931850334644,70.26901770368514,66.84243459001665,16.0,1.0,16.5,16.0,18.21147813098139,20.86939851615162,17.354774615253007,20.86939851615162,19.15230212148377,15.024798349035638,17.088550235259703,4.127503772448132,18.73955174423896,77.43029602272533,77.05728510141826,69.01733180612511,0.7044342483900635,64.66666666666667,19.152302121530887,18.627419618182927,64.66666666666667,70.89017047613245,22.688888888888886,22.711111111111112,22.755555555555556,22.933333333333334,15.0,lumify_png
IMG_00270.png,1,2.0,19.332212772561288,19.36017332268821,20.37106768389459,20.402093991013015,21.45031988683531,21.48114808359357,0.835191189139276,1.2857835717660882,-2.666871676006014,-3.1602421018933446,15.0,21.22445502413916,21.69491876296722,21.25550670992624,21.97619502191037,52.87510883977801,52.68089842625986,51.0449571906175,15.0,1.0,22.5,15.0,21.3750474664526,19.72048201600893,22.521460769646552,19.72048201600893,20.015813090800968,23.558933809939436,21.7873734503702,-3.543120719138465,20.37012516271481,52.20454108710972,52.09175315057037,56.487589010394274,0.57300273853203,55.58139534883721,20.01581309080651,21.918490451465782,55.58139534883721,51.79535413870714,19.41860465116279,19.37984496124031,19.30232558139535,19.36046511627907,17.2,lumify_png
IMG_00271.png,1,2.0,18.665980020540317,18.670107737713103,19.790908906743045,19.80030888532567,20.981050311770154,20.996887659257656,1.0675842335666583,1.2591956879778938,1.6007263701982355,-1.7655591116244722,9.0,14.922152012794726,16.38998139682663,17.61867546098543,17.61867546098543,66.46505343982344,56.36205392398504,56.36205392398504,9.0,1.0,17.5,9.0,17.56056873114781,19.93092217557492,12.883268692320542,19.93092217557492,16.609063403467715,16.049066090029214,16.329064746748465,0.559997313438502,16.553063672123866,66.41128699321744,66.40485472631906,65.3161349030637,0.5249703105571315,56.27906976744186,16.609063403594064,17.76089825702038,56.27906976744186,61.20386736074984,18.75968992248062,18.624031007751935,18.6046511627907,18.72093023255814,17.2,lumify_png
IMG_00272.png,1,2.0,18.681982804580137,18.6915617428881,19.832696574365663,19.841395878346976,20.99374050074932,21.00197348670214,1.129047930934486,1.1813638128795532,-6.932867318047266,-1.6967178996415462,15.0,18.79029024943182,17.93837367081619,18.79029024943182,19.36175720271729,63.21947581497214,63.21947581497214,61.78953204246728,15.0,1.0,18.5,15.0,19.321326960165575,15.923234858530575,19.892793913451044,15.923234858530575,21.37654190929484,16.880413605149947,19.12847775722239,4.4961283041448885,20.92692907888035,57.11271982204008,56.85312893824164,51.111901684705735,0.7536121923972655,81.97674418604652,21.376541909209436,16.313721583599634,81.97674418604652,66.32356453369484,18.72093023255814,18.68217054263566,18.77906976744186,18.895348837209305,17.2,lumify_png
IMG_00273.png,1,2.0,15.9451282947741,15.949735850489978,16.69309372263152,16.697475232495457,17.47684259395322,17.480204905419544,0.7996631094686267,0.7308059454609399,-4.590423473755393,-1.3126036886560644,14.0,25.508691352537,25.045535336362786,24.74587702322484,23.34594333587691,41.11650457514399,41.88148484259252,43.11148891421052,14.0,1.0,22.5,14.0,24.021462539645768,23.29591798568725,26.69630272140259,27.409451535560837,25.313816197996548,24.587192132207463,24.950504165102007,0.7266240657890829,25.24115379141764,37.762539956594,37.75994537011984,37.252975932841,0.7075876505099241,41.27906976744186,25.313816197931416,23.36892035970814,41.27906976744186,40.15750175492242,15.988372093023257,15.968992248062015,15.988372093023257,16.046511627906977,17.2,lumify_png
IMG_00274.png,1,2.0,21.477871221155787,21.56421211526271,22.785893361419784,22.86852810248749,24.06970936151259,24.151176213214143,1.5453001699646602,1.0416639279867723,0.8465398872990718,4.872262984770123,13.0,16.901471393018483,16.366493357780836,15.827728653602776,15.827728653602776,66.43874253887024,68.75469318098816,68.75469318098816,13.0,-1.0,15.5,13.0,16.113940823375344,17.717102907631812,16.67734895516051,17.18768356279105,16.021077689193817,17.241377703525565,16.63122769635969,-1.2203000143317484,16.14310769062699,75.26476035714865,75.23139727688073,78.01714207557667,0.7535017649693412,60.298507462686565,16.021077689266935,18.629300984968356,60.298507462686565,67.4047065341804,21.86567164179105,21.59203980099502,21.542288557213933,21.268656716417908,13.4,lumify_png
IMG_00275.png,1,2.0,25.242916103702488,25.331540290092075,26.77721514732763,26.86762738674445,28.1979555164907,28.31089124551712,1.2792596022425236,1.7000913531825217,9.611145430159944,4.701738243806454,6.0,35.18912047669919,35.40354689390757,35.61730897295806,35.61730897295806,45.69058828620845,45.74335185612538,45.637824716291526,6.0,-1.0,33.5,6.0,34.52104985887556,,35.377426851393295,,35.77861198220335,34.77885595756831,35.278733969885835,0.9997560246350417,35.67863637973985,43.52806378552194,43.52530149772616,42.9967185287118,0.524951713544869,49.2,35.7786119815744,32.990166510966965,49.2,46.16798471399647,25.4,25.23333333333333,25.133333333333333,24.7,10.0,lumify_png
IMG_00276.png,1,2.0,21.963689640238247,21.968996957040268,23.07941477780056,23.088982689973967,24.2470019446118,24.27084628371145,1.0468796409143506,1.254969685756833,0.6072468810487138,-1.6495246874828555,18.0,14.957502541323294,15.392154581412376,15.333936391581403,15.590609545293006,78.54596305266597,77.78043947842791,74.07005506044064,18.0,1.0,14.5,18.0,16.077608752285926,17.568080598676517,15.04258527841165,18.193141812455,19.12210071418343,11.787371600562782,15.454736157373103,7.334729113620647,18.388627802821365,84.02341537107758,82.43829512161548,67.06072540349348,0.7173944313399142,69.18604651162791,19.12210071421368,16.14458185479217,69.18604651162791,79.00360127283352,22.015503875969,21.996124031007756,21.93798449612403,21.91860465116279,17.2,lumify_png
IMG_00277.png,1,2.0,21.726085389430104,21.727830445822686,22.69159276337961,22.69336129588017,23.699163403470312,23.700251800798405,0.9618871556491948,1.0105341993265229,-4.640745229841119,0.7153153746019376,13.0,14.834116312215455,15.606288819559309,14.834116312215455,14.834116312215455,119.29652114965688,119.29652114965688,119.29652114965688,13.0,1.0,14.5,13.0,15.48783071540683,15.7129288760093,14.07649794675649,15.48783071540683,16.569188003312117,14.082330922520752,15.325759462916434,2.486857080791364,16.32050229523298,82.33363656066017,82.15452787131163,76.14322749421446,0.5578255171171828,104.65116279069768,16.569188003201603,12.554444717747607,104.65116279069768,99.89541696761088,21.666666666666668,21.705426356589147,21.74418604651163,21.80232558139535,17.2,lumify_png
IMG_00278.png,1,2.0,19.674002127859865,19.678427906556895,20.78702895402249,20.79365396449293,21.96972148916978,21.977047311509345,1.273935018084644,1.0246843868678055,1.622064743894338,1.4463621226719332,10.0,26.523964354847596,26.17989963464259,26.38540272189715,26.38540272189715,44.36860149749103,44.54217953300781,44.54217953300781,10.0,-1.0,25.5,10.0,26.124912456321624,25.551841797163235,26.37400278972018,,26.12733813574297,27.892859101354905,27.010098618548938,-1.765520965611934,26.303890232304163,43.33223192422323,43.31729918145038,44.67277900337958,0.4938583874428703,44.93333333333333,26.127338135719576,26.81236293374392,44.93333333333333,43.6128298632688,19.688888888888886,19.711111111111112,19.755555555555556,19.933333333333334,15.0,lumify_png
IMG_00279.png,1,2.0,15.828890619015112,15.829674274509316,16.538423441656516,16.538601067671,17.378014413882894,17.378218100265578,0.7997737417097591,0.748770084046503,4.607695125268673,0.2655473176116416,11.0,17.1762717123718,16.19164349155033,15.409636512641356,15.666357970778025,61.77636465145856,71.42875993211153,71.42875993211153,11.0,-1.0,15.5,11.0,18.665448625401552,18.665448625401552,15.211499744970382,16.562328088858862,21.416851424101004,11.524870387690983,16.470860905895996,9.89198103641002,20.427653320460003,57.50432964075706,55.75273513552065,43.29020235312122,0.6332654996548022,62.58706467661691,21.416851423918544,14.004088118549175,62.58706467661691,65.32240976843583,15.787728026533994,15.804311774461029,15.804311774461029,15.820895522388058,20.1,lumify_png
IMG_00280.png,1,2.0,15.171271061194451,15.17198335600428,16.003012150198348,16.00507569183946,16.868209272308345,16.871799836968663,0.846939692704681,0.8528767882597013,3.2940257095008114,0.9200682599229124,10.0,18.397320180123955,17.638574987739467,18.301114800976137,15.759523916055002,50.85789288648998,52.74952716673957,63.05231879067822,10.0,-1.0,15.5,10.0,22.855480928397952,24.09222923208196,15.220966219967409,24.09222923208196,25.92472885999181,10.51366987527972,18.219199367635767,15.411058984712092,24.3836229615206,51.69204298216962,48.49174682958407,34.67851813729713,0.5768018309764902,46.56716417910447,25.924728859891964,16.60420037367804,46.56716417910447,53.05562138321602,15.17412935323383,15.17412935323383,15.140961857379766,15.17412935323383,20.1,lumify_png
IMG_00281.png,1,2.0,17.75845815090807,17.765272969568155,18.86427634714469,18.87446401224388,19.9867557134914,20.0023442901486,0.8676703071235075,1.369401013456938,4.265719377653735,1.882596222213614,9.0,23.46783277999361,23.464821636565677,23.48465930851077,23.74291844520772,47.40284272525833,47.40284272525833,47.18792204952966,9.0,-1.0,22.5,9.0,23.543636856259127,26.0483846692176,23.52681032774197,26.0483846692176,25.69169243791994,21.24522280767861,23.468457622799274,4.446469630241332,25.24704547489581,44.68031425096112,44.54964877870048,40.92381451971312,0.5927989145177126,47.91044776119403,25.69169243775443,22.09963802337124,47.91044776119403,47.15781196082862,17.736318407960198,17.736318407960198,17.761194029850746,17.761194029850746,13.4,lumify_png
IMG_00282.png,1,2.0,19.312364717824245,19.31457014370421,20.36034861107593,20.371454105469383,21.48013017078692,21.507824375217496,1.0739963630948557,1.1192578684184349,-1.1326713348775184,1.891974573287435,18.0,16.73332979953139,16.860999189871272,16.83514689371674,16.83514689371674,72.05594036086367,71.99978977936976,71.99978977936976,18.0,1.0,15.5,18.0,17.577526011194834,17.577526011194834,17.7549650666663,17.577526011194834,16.320208768907634,18.8382760628648,17.579242415886213,-2.5180672939571647,16.572015498303347,64.05601210388402,63.94785351226253,68.73118174009838,0.6316557477903852,86.97674418604652,16.320208768874206,16.208789387327954,86.97674418604652,69.19083885076043,19.36046511627907,19.34108527131783,19.36046511627907,19.476744186046517,17.2,lumify_png
IMG_00283.png,1,2.0,22.943650907945,23.003195145993512,24.29196310651784,24.346701002757516,25.68357748197887,25.72362549736798,1.470913724714119,1.2495166266603506,-7.785324481943821,-3.842757874374958,11.0,19.450824493923392,19.531193901115937,19.450824493923392,19.20474616406688,76.52229020365118,76.52229020365118,79.34350451276174,11.0,1.0,19.5,11.0,20.600238960193963,22.27647746312664,17.37640018118421,22.452868984899,25.202507162215653,11.2039113165091,18.203209239362376,13.99859584570655,23.802647577645,77.06443051995115,73.15899927123313,53.67071217374954,0.4221477545395072,77.01492537313433,25.20250716178011,15.79754773632926,77.01492537313433,83.94828606078354,23.08457711442786,23.059701492537314,23.009950248756216,23.134328358208958,13.4,lumify_png
IMG_00284.png,1,2.0,18.67843033366454,18.68021425239624,20.219828762386097,20.220086906520116,21.804885087081672,21.804940696542094,1.5920432279912826,1.532683216154568,4.786367508630501,0.2895194290945813,11.0,23.40336677748499,24.61905607154198,24.54186938622792,24.54186938622792,47.17332659105805,47.17332659105805,47.31810467354571,11.0,-1.0,22.5,11.0,28.62623429404698,26.49545568485584,24.23570575547714,30.173431965436663,30.968468622354173,22.101700244494065,26.53508443342412,8.866768377860108,30.08179178456816,42.10617007337456,41.723686256215984,36.22444703280903,0.6695486315173093,50.8955223880597,30.96846862220489,23.56102776351947,50.8955223880597,46.63168212216664,18.681592039801,18.65671641791045,18.70646766169154,18.65671641791045,13.4,lumify_png
IMG_00285.png,1,2.0,19.999782940969236,20.01524444317435,21.344997075413467,21.36185780222323,22.71955553232309,22.73617822072016,1.7326986845943149,0.9882350929514978,5.323395085476276,2.2765900621160915,15.0,20.147300111400227,19.47553946561941,20.147300111400227,18.52227226235624,63.332483325753344,63.332483325753344,66.46118893161902,15.0,-1.0,18.5,15.0,20.668276480501248,17.301520265743136,18.7733059076146,17.301520265743136,19.87752430160712,19.581352284465886,19.729438293036505,0.2961720171412357,19.847907099893,59.1534121740112,59.15232083195415,58.72926702788259,0.7918850482648415,70.69767441860465,19.87752430157229,18.068334380931947,70.69767441860465,64.38339271050114,19.98062015503876,19.98062015503876,20.0,20.0,17.2,lumify_png
IMG_00286.png,1,2.0,21.671588483834952,21.69013224649163,22.811253434362385,22.837326830872133,23.931670015183972,23.96443565551293,1.4375262502677562,0.8367771587535366,5.982057963999095,2.738136719865341,9.0,22.246206418581124,21.622634280204792,22.246206418581124,23.939904897145027,61.94606242335828,61.94606242335828,58.687654395134864,9.0,-1.0,22.5,9.0,23.484975043347305,,21.012832589915178,,30.86501717588928,10.865017175889276,20.86501717588928,20.0,28.86501717588928,66.07084463763707,60.7541431444582,42.17919306720892,0.4367391231957981,56.627906976744185,27.707278276229307,17.707278276229307,60.46511627906977,71.14372445773779,21.686046511627907,21.647286821705425,21.78294573643411,21.80232558139535,17.2,lumify_png
IMG_00287.png,1,2.0,15.252326746813209,15.252716876812356,16.314362889209548,16.315573307436157,17.398045771281577,17.3994058821374,1.0144194811503673,1.1322695241746747,7.29847443257314,0.6979219753972686,4.0,34.255689294058385,35.13635003209332,32.45432417047968,34.255689294058385,29.670326880156672,32.323619410911945,29.670326880156672,4.0,-1.0,33.5,4.0,30.33306721846688,30.33306721846688,35.75957946524102,,26.93323216515733,41.484409426517374,34.208820795837354,-14.55117726136004,28.388349891293338,27.472115315901032,27.07318009235582,33.60363887451661,0.38142851000697,34.88372093023256,26.933232163853564,30.91321995677147,34.88372093023256,29.627544388283727,15.310077519379844,15.271317829457368,15.232558139534884,15.174418604651164,17.2,lumify_png
IMG_00288.png,1,2.0,24.50022322134571,24.5022359074178,25.77802039756529,25.782629496621983,27.052811461071208,27.0615033402096,1.2366996510850288,1.3225677817067742,1.966723814933226,-1.0833992169312583,10.0,21.980152681045595,21.45938132910292,22.24410153888317,22.24410153888317,62.338598905481234,61.70850401616479,60.58257053220112,10.0,1.0,20.5,10.0,22.63459524313481,22.987897651846996,18.08825384680685,,28.98926861286992,12.14473821906524,20.567003415967577,16.84453039380468,27.30481557348945,74.00581800501801,69.7429444401366,50.55418179453143,0.534981440642516,56.36363636363637,28.989268613185395,21.90599586316137,56.36363636363637,65.67103973274487,24.545454545454547,24.51790633608816,24.435261707988985,24.3801652892562,12.1,lumify_png
IMG_00289.png,1,2.0,17.932676357430662,17.934913971232394,19.119732657114564,19.123140219809137,20.385078220230618,20.39129837684554,1.2525823362829318,1.2038020693302136,-1.0062632902844175,1.0816491221300977,8.0,19.721601363977584,20.67429364635285,20.319133873260284,21.038823052118943,50.61100438970075,48.901068723374486,48.00323885423448,8.0,-1.0,17.5,8.0,21.747433295864283,20.5717989413354,18.68198443045054,,25.55924823003625,15.955302319694924,20.757275274865588,9.603945910341324,24.598853639002115,51.51976758467074,50.6049762230195,41.56944961315106,0.520154053538954,45.333333333333336,25.559248230089885,21.586612400557826,45.333333333333336,48.74841742027882,17.955555555555556,17.933333333333334,17.88888888888889,17.866666666666667,15.0,lumify_png
IMG_00290.png,1,2.0,16.36585395238489,16.3684614128211,17.581434391251705,17.58374529292015,18.82053168053182,18.823114873650148,1.4761876920921169,0.9784657687369356,1.097820392145674,0.9289181052599824,6.0,20.245992332173017,20.304647398483613,20.81803018575002,20.02242165005165,47.28200417753044,46.13721053680133,47.8190658401055,6.0,-1.0,18.5,6.0,20.87993665695717,19.18053837496433,19.01461547627187,19.18053837496433,21.15997028151341,19.488876225348257,20.324423253430837,1.6710940561651493,20.99286087589689,47.14333496852499,47.11726017779126,45.33715195973374,0.5422897723828333,46.66666666666666,21.15997028150696,20.255909908779746,46.66666666666666,47.26989973840555,16.377777777777776,16.4,16.355555555555558,16.333333333333332,15.0,lumify_png
IMG_00291.png,1,2.0,18.76015064021237,18.76288462090648,20.01905080027605,20.020253695036157,21.277781345092443,21.27975409663691,0.8208592089174861,1.6960102668129453,-5.265685507898864,0.6280855949611693,14.0,15.607983751803433,16.36552184372016,15.767540024850376,15.767540024850376,94.85292414605186,96.19080774486268,93.51504054724106,14.0,1.0,15.5,14.0,15.93267508787659,15.93267508787659,15.522075826857304,18.8647504353483,18.788430016369556,12.444491017788934,15.616460517079243,6.343938998580618,18.15403611651149,70.61868142243475,69.64696937768109,58.21236994172266,0.7052934588153359,93.73333333333332,18.78843001628093,12.411991715324168,93.73333333333332,87.22780622553731,18.866666666666667,18.8,18.73333333333333,18.73333333333333,15.0,lumify_png
IMG_00292.png,1,2.0,17.601943315577785,17.61268613190208,18.581377680408277,18.58965849428828,19.57735549963524,19.5838836747026,0.9347863354666353,1.0364112073338871,6.730448506796658,1.7102301523317116,8.0,29.443920084942164,29.11264265234725,29.22159442292221,29.66624574696212,39.08537827080698,39.27800997144188,38.892746570172086,8.0,-1.0,29.5,8.0,29.775386602820333,,25.264366303768043,,39.16876307991519,20.46211280450588,29.815437942210533,18.70665027540931,37.29809805237426,36.50208550935993,35.31782042374936,27.8025766978318,0.3163179191035468,38.507462686567166,35.62379482358729,25.623794823587293,40.0,40.60556923395952,17.686567164179102,17.63681592039801,17.611940298507463,17.611940298507463,13.4,lumify_png
IMG_00293.png,1,3.0,20.58662140542401,20.595231125451186,21.79669281178725,21.800104130307663,23.04963652087683,23.049638259541087,1.562255584419437,0.8921515496704648,-1.5447813509834116,1.0136199405901118,15.0,12.270575205691443,12.763783568713109,12.890727431844851,12.270575205691443,89.17958513344139,89.14939809477987,89.17958513344139,15.0,-1.0,11.5,15.0,14.39607456145896,14.39607456145896,10.487075368596097,15.273919526322317,16.564780974065116,8.965770327648812,12.765275650856964,7.5990106464163025,15.804879909423484,96.09829119718962,93.20901211815035,72.23879868350646,0.735312197162001,64.46280991735537,16.564780974122705,14.38535344704843,64.46280991735537,82.89743169370703,20.771349862258955,20.633608815427,20.523415977961434,20.41322314049587,12.1,lumify_png
IMG_00294.png,1,2.0,23.18654735486627,23.25766826254345,24.509329741574117,24.58016767024975,25.813800685644,25.88488225837413,1.402351686616936,1.2248623092137456,8.977553054307515,4.350933962426448,14.0,22.65684998500474,23.22175133531352,22.72885873289269,24.54980603269209,67.45309989230978,66.94635764571474,66.71229385711193,14.0,-1.0,21.5,14.0,23.23828514058934,23.23828514058934,23.45055209219484,25.26202415579388,25.319103616895596,21.811161730965072,23.56513267393033,3.507941885930522,24.96830942830254,57.83817857931075,57.73388423476736,53.97171553655655,0.6861242773469758,70.08264462809917,25.319103616781558,20.990593279728376,70.08264462809917,64.43483992614145,23.25068870523416,23.25068870523416,23.27823691460055,23.38842975206612,12.1,lumify_png
IMG_00295.png,1,2.0,22.269257772034564,22.27090755165036,23.227773235481788,23.228347120700988,24.18725120707089,24.187253931689547,1.163677128937943,0.7526692511012493,3.2304458254741624,0.4027558807110019,7.0,23.675084663282437,25.6301249245759,26.931316971343392,26.741287783726307,60.9425515869408,51.79900263536258,52.70123523465945,7.0,-1.0,26.5,7.0,27.326165658874714,27.13613647125763,22.196612920516746,24.06993335081376,28.62951397632807,22.96684460991441,25.79817929312124,5.662669366413654,28.063247039686704,51.33792213823659,51.13726192180993,46.447541903905886,0.5811719138807894,53.02325581395349,28.62951397619932,24.334233945381843,53.02325581395349,54.0094309606295,22.36434108527132,22.24806201550388,22.18992248062016,22.093023255813957,17.2,lumify_png
IMG_00296.png,1,2.0,19.684799145390794,19.824133570250098,21.124923658487457,21.28950861501929,22.54475629189879,22.739052680694424,2.0240808078411137,0.8908383026032136,-1.2780662286753155,7.129023797300964,12.0,13.023707330521106,13.352764301848683,13.151905386438957,13.585757564693466,64.29150231307632,64.14257741066291,60.65096186448896,12.0,-1.0,11.5,12.0,13.82411359864949,13.82411359864949,11.64014493303074,12.934341289887527,15.70897748885234,11.064213218707708,13.386595353780024,4.644764270144632,15.244501061837877,86.38498004125854,85.517842071531,73.12658738814683,0.7692975696247353,55.53719008264463,15.70897748895363,17.305006532396437,55.53719008264463,66.560984785236,19.779614325068877,19.779614325068877,19.83471074380165,19.75206611570248,12.1,lumify_png
IMG_00297.png,1,2.0,20.78165713760772,20.80908520787608,22.21469591830957,22.251666379858555,23.658319237385165,23.70936148053989,1.4268272519855938,1.4734490206782198,3.167306136549237,3.303269028400576,14.0,13.60269039726937,14.714960948342782,15.664849583370966,15.664849583370966,89.12177813801915,77.47115679999936,77.47115679999936,14.0,-1.0,14.5,14.0,15.823277221617758,17.643341524771785,11.24766229506605,17.643341524771785,19.841428544732665,5.995774140640179,12.918601342686422,13.845654404092484,18.456863104323418,103.7057446071783,92.93860611724304,61.21642281252287,0.7425238463465509,68.92561983471074,19.84142854472689,12.726781227812811,68.92561983471074,94.31575446522557,20.798898071625345,20.798898071625345,20.826446280991732,20.90909090909091,12.1,lumify_png
IMG_00298.png,1,2.0,22.74986285382385,22.787310614248035,24.30600079009713,24.33533123809889,25.894518336752483,25.90924275453289,1.5198850887119484,1.602047051572914,-5.512121476210964,-2.813338419532776,14.0,23.31720938494223,22.851039870973715,22.78772162435675,21.949560898440865,60.570265372716165,62.34927594611093,62.34927594611093,14.0,1.0,21.5,14.0,24.446210983360828,25.121878231536613,22.513734346808604,25.121878231536613,24.07530725687113,22.65425432309805,23.364780789984597,1.4210529337730848,23.93320196349383,57.28461676652418,57.26738835325562,55.67357356229538,0.800092884657376,63.47107438016529,24.075307256819023,21.969239749640817,63.47107438016529,60.70777745481555,22.78236914600551,22.78236914600551,22.75482093663912,22.727272727272727,12.1,lumify_png
IMG_00299.png,1,2.0,19.67185235854365,19.70725767684904,20.944861747267986,20.98420515519019,22.22772444149432,22.271263429014063,1.1852617433072403,1.3787440088577898,9.271770380116807,3.50909588048803,10.0,28.955448512512035,29.046988279339534,29.669188660920213,29.701977680728877,45.23965384500163,44.37529952406467,42.34214714889991,10.0,-1.0,27.5,10.0,29.66716834811885,28.978420287313668,30.069323485933097,27.075818208957628,27.479050947197987,32.22031338512392,29.849682166160957,-4.741262437925928,27.95317719099058,39.41693615334714,39.33714737295481,42.4319471379012,0.7819697850619262,52.266666666666666,27.479050947008545,26.747612541961583,52.266666666666666,43.50325834093201,19.73333333333333,19.711111111111112,19.73333333333333,19.73333333333333,15.0,lumify_png
IMG_00300.png,1,2.0,16.159803459200912,16.18136934019248,17.79865454696959,17.818585195236075,19.47594881913503,19.49202570959013,1.4055264585304,1.9051299108672537,-1.0416445329652493,2.7102055046645805,9.0,15.09382849139044,15.038993420705747,15.010900792771253,16.18768061753022,79.75507820471215,80.78953266743898,74.93598659938858,9.0,1.0,12.5,9.0,14.455616317102,14.538544015721186,,14.88997530670656,14.483128577492502,14.485405329361,14.484266953426753,-0.0022767518684981,14.483356252679352,64.6808840925004,64.68088396053935,64.68585912791222,0.4032578657455984,88.93333333333334,14.483128577360004,12.76187006806775,88.93333333333334,73.2351346244841,16.266666666666666,16.244444444444444,16.177777777777777,16.133333333333333,15.0,lumify_png
IMG_00301.png,1,2.0,19.46557112129728,19.46663561479577,20.5183724557766,20.51967607512368,21.58116317638309,21.582108852809487,1.2267725398288285,0.8887006981848877,-2.410950125647041,0.6458476412089027,9.0,19.61095965030881,19.320291484628687,19.61095965030881,20.09680232880572,53.22762915228283,52.04100063236138,52.04100063236138,9.0,-1.0,17.5,9.0,19.903735054621222,21.31121252382144,20.38957773311813,21.31121252382144,20.81592361988174,17.375927342579963,19.095925481230854,3.4399962773017774,20.471923992151563,59.65737644907247,59.49834564074998,54.774187806269,0.5718930853355626,50.413223140495866,20.8159236199565,20.45460860717397,50.413223140495866,55.69917890405168,19.50413223140496,19.50413223140496,19.47658402203857,19.50413223140496,12.1,lumify_png
IMG_00302.png,1,2.0,20.66669748056821,20.839442377752118,21.643607742752312,21.83445730149073,22.63748206835355,22.845869637844228,1.0652900762983502,0.9411371837937684,6.56592377501399,7.581041181925817,15.0,19.23262788950001,19.16902243738305,19.1636125947382,19.23262788950001,61.46249117471044,61.525613410715984,61.525613410715984,15.0,-1.0,18.5,15.0,19.120989831117413,18.65964511816173,19.55445044349932,18.65964511816173,18.86917734720164,20.07396763926291,19.47157249323228,-1.2047902920612676,18.98965637640777,62.06163871753335,62.04217261915733,63.9472637411921,0.7497935863452742,61.06666666666667,18.86917734720946,19.78605920694197,61.06666666666667,61.094637146396245,20.73333333333333,20.8,20.91111111111111,20.933333333333334,15.0,lumify_png
IMG_00303.png,1,2.0,19.17399719424267,19.186388395198502,20.454134746552903,20.462827490412703,21.76673192971676,21.77282673009544,1.1215702368809275,1.4648680980160091,4.26181375806391,1.670123648855223,15.0,15.375281030744617,15.108420781963224,15.375281030744617,15.375281030744617,76.8856083067857,78.2305603451598,79.35892894971309,15.0,-1.0,13.5,15.0,16.876147022915063,17.399530463230064,15.909534689254343,17.399530463230064,17.94903428911848,13.65208949898714,15.800561894052809,4.296944790131338,17.519339810105343,70.73235081159166,70.29905464351417,62.11393748945299,0.7438390781773007,82.53333333333333,17.949034289059504,13.948875507038547,82.53333333333333,79.40771546243768,19.08888888888889,19.17777777777778,19.2,19.266666666666666,15.0,lumify_png
IMG_00304.png,1,2.0,28.03728564038584,28.047476062328723,29.53996393931731,29.54142195523981,31.004754014463234,31.005716488321596,1.4551444004627585,1.503096025530109,-0.954470922264085,-0.5692523758828191,15.0,18.43200094027748,18.95639882812685,20.74764660165229,21.53159179862419,88.50511507612848,77.52351107139998,75.99120789959409,15.0,1.0,20.5,15.0,21.515523596264188,20.501012862530587,13.875004549275644,19.68735367352116,25.37117518045844,12.469999144589146,18.920587162523795,12.901176035869296,24.081057576871512,90.02899734784039,86.48087443909671,65.44533582553835,0.7442851963048615,72.06611570247934,25.371175180467468,19.33894001257552,72.06611570247934,84.67936291727483,28.07162534435262,28.07162534435262,28.07162534435262,28.09917355371901,12.1,lumify_png
IMG_00305.png,1,3.0,5.394899004394353,5.39652516534136,6.182035176108487,6.182352747449954,6.960910145092092,6.960934369436898,0.4394667140359682,1.12494249005957,5.552858665819552,0.5807420196178081,0.0,,,,,,,,,,16.5,0.0,,,,,,,,,,,,,,,,,,,5.426233489766448,5.3911499421078855,5.41039897110339,5.324312110390674,17.2,lumify_png
IMG_00306.png,1,2.0,18.057616657465257,18.070231023391425,19.298884632944,19.310572734664685,20.56659202929424,20.577847532611973,1.3987135217940736,1.1089029874264766,0.688554534156908,-1.9935813034102408,8.0,20.19179055579352,20.32452175647272,20.68257798100325,20.68257798100325,48.15024081794687,46.53577128350518,46.53577128350518,8.0,1.0,19.5,8.0,21.532789655255183,22.397103089786725,16.88092426107636,,22.75407089165252,16.593469768197995,19.673770329925254,6.160601123454525,22.138010779307063,54.1076837739699,53.67032991048846,46.71659398642689,0.442624386678655,46.627906976744185,22.75407089182588,21.11410892685185,46.627906976744185,50.15976951969292,18.06201550387597,18.02325581395349,18.04263565891473,17.96511627906977,17.2,lumify_png
IMG_00307.png,1,2.0,22.448646545226254,22.45012541132372,23.265949482096964,23.26727514724185,24.084801038100977,24.08614212357861,0.7017652192606286,0.9342514929942636,1.7472694543141332,0.6116230558995539,7.0,14.690095744226396,15.717220841079188,13.931012413638683,13.931012413638683,85.07491357855004,89.43857171899316,89.43857171899316,7.0,1.0,12.5,7.0,13.721575219496572,13.721575219496572,13.923160761391957,11.92394715543557,10.556555582839565,22.560894206394,16.55872489461678,-12.004338623554435,11.756989445195009,82.46015656641342,78.75548125198817,122.51318485950624,0.6037069416184364,86.92810457516339,10.556555582878678,17.10746027323118,86.92810457516339,76.30128161212046,22.52723311546841,22.483660130718956,22.461873638344223,22.54901960784313,15.3,lumify_png
IMG_00308.png,1,2.0,20.65703548957265,20.66555296814624,21.527403103957305,21.53339398211035,22.389964141929116,22.394010068529926,0.7163095731249367,1.012147527258748,-6.278758530180166,-1.351564262237426,11.0,30.83585687064601,29.652371341187138,30.195457883677506,28.9320951384189,43.70761981551719,43.23104135674257,45.62524317578696,11.0,1.0,29.5,11.0,32.83049892584879,31.390019946608614,28.914646553487444,31.390019946608614,33.428961948059204,28.854829598268267,31.141895773163736,4.574132349790937,32.97154871308011,39.93355312742311,39.864666810992674,37.42291460620422,0.680641333544409,45.333333333333336,33.42896194784032,28.83377613182044,45.333333333333336,42.74861797046562,20.77777777777778,20.711111111111112,20.64444444444445,20.6,15.0,lumify_png
IMG_00309.png,1,2.0,13.103176592466932,13.112911686012168,14.022647626256436,14.030692957435177,14.91665218402775,14.92274644447206,0.8161525246024146,0.993682233857478,-4.313626164066139,-1.9403978621932192,8.0,27.68228505250377,26.21953113848172,27.526662030640324,28.133719820748325,29.83930685982864,29.890936613670544,29.78767710598673,8.0,1.0,25.5,8.0,27.46126485463361,27.46126485463361,28.068322644741613,27.46126485463361,27.269328077047465,23.65614736047274,25.462737718760103,3.613180716574724,26.908010005389997,30.501903807548214,30.452137982991264,28.574540035316627,0.6407643890153124,32.537313432835816,27.26932807698615,24.442587458034662,32.537313432835816,31.64016314165603,13.117744610281925,13.134328358208954,13.134328358208954,13.233830845771145,20.1,lumify_png
